# Balancin telemetria  2026-05-26 01:39:43
# Cargar en MATLAB:
#   data = readmatrix('archivo.txt', 'CommentStyle','#');
# Columnas:
# t[s]	vd[m/s]	v[m/s]	theta[rad]	alpha[rad]	oml[rad/s]	omr[rad/s]	ul[V]	ur[V]	Sl	Sr	modo_sol
0.010	+0.000000	+0.100392	-0.056259	+0.186670	+2.883506	+2.883506	-10.016556	-10.016556	190	219	0
0.020	+0.000000	+0.090980	-0.053915	+0.120786	+2.652826	+2.652826	-10.016556	-10.016556	192	220	0
0.030	+0.000000	-0.040784	-0.056259	+0.164708	-1.268743	-1.268743	+9.933775	+9.933775	192	221	0
0.040	+0.000000	-0.036078	-0.053915	+1.240804	-0.922722	-1.268743	+9.933775	+9.933775	193	221	0
0.050	+0.000000	+0.095686	-0.053915	+0.647853	+2.883506	+2.652826	-10.016556	-10.016556	193	221	0
0.060	+0.000000	+0.080000	-0.053915	+0.263534	+2.306805	+2.306805	-10.016556	-10.016556	193	221	0
0.070	+0.000000	-0.051765	-0.053915	+1.394532	-1.845444	-1.268743	+9.933775	+9.933775	193	221	0
0.080	+0.000000	-0.056471	-0.053915	+0.647853	-1.845444	-1.499423	-10.016556	-10.016556	192	220	0
0.090	+0.000000	-0.010980	-0.053915	-0.318436	-0.346021	-0.346021	-10.016556	-10.016556	192	220	0
0.100	+0.000000	-0.092549	-0.051571	-0.812562	-2.768166	-2.768166	-10.016556	-10.016556	193	220	0
0.110	+0.000000	-0.147451	-0.058603	-0.010981	-4.498270	-4.267589	+9.933775	+9.933775	188	219	0
0.120	+0.000000	-0.122353	-0.058603	+0.505106	-3.575548	-3.575548	+9.933775	+9.933775	190	220	0
0.130	+0.000000	+0.018824	-0.049226	+0.000000	+0.576701	+0.576701	-10.016556	-10.016556	196	223	0
0.140	+0.000000	+0.004706	-0.049226	-1.065115	+0.230681	+0.000000	-10.016556	-10.016556	197	223	0
0.150	+0.000000	-0.092549	-0.049226	+0.669814	-2.768166	-2.768166	+9.933775	+9.933775	196	222	0
0.160	+0.000000	-0.081569	-0.051571	-0.570989	-2.422145	-2.422145	-10.016556	-10.016556	197	223	0
0.170	+0.000000	-0.031373	-0.046882	+0.560009	-0.922722	-0.922722	+9.933775	+9.933775	197	222	0
0.180	+0.000000	-0.040784	-0.046882	+0.900406	-1.268743	-1.268743	+9.933775	+9.933775	197	222	0
0.190	+0.000000	+0.075294	-0.051571	+0.263534	+2.076125	+2.306805	-10.016556	-10.016556	196	222	0
0.200	+0.000000	+0.050196	-0.053915	-1.361590	+1.384083	+1.384083	-10.016556	-10.016556	195	223	0
0.210	+0.000000	-0.086275	-0.046882	-0.691776	-2.768166	-2.422145	+9.933775	+9.933775	197	221	0
0.220	+0.000000	+0.000000	-0.046882	+1.394532	+0.000000	+0.000000	+0.000000	+0.000000	198	222	0
0.230	+0.000000	+0.009412	-0.046882	+0.450203	+0.230681	+0.230681	+9.933775	+9.933775	197	221	0
0.240	+0.000000	+0.054902	-0.049226	-0.087845	+1.730104	+1.384083	-10.016556	-10.016556	196	222	0
0.250	+0.000000	+0.050196	-0.049226	+0.175689	+1.384083	+1.384083	+9.933775	+9.933775	196	222	0
0.260	+0.000000	+0.000000	-0.046882	+1.394532	+0.000000	+0.000000	+0.000000	+0.000000	198	222	0
0.270	+0.000000	+0.059608	-0.046882	+0.494125	+1.730104	+1.730104	+9.933775	+9.933775	198	223	0
0.280	+0.000000	+0.084706	-0.051571	-0.021961	+2.306805	+2.652826	-10.016556	-10.016556	197	224	0
0.290	+0.000000	+0.084706	-0.053915	+0.043922	+2.306805	+2.652826	+9.933775	+9.933775	196	224	0
0.300	+0.000000	+0.034510	-0.056259	+0.395300	+0.807382	+1.153403	+9.933775	+9.933775	192	222	0
0.310	+0.000000	+0.125490	-0.063291	+0.450203	+3.460208	+3.806228	+9.933775	+9.933775	186	220	0
0.320	+0.000000	+0.181961	-0.060947	+1.383551	+5.651672	+4.959631	+9.933775	+9.933775	187	219	0
0.330	+0.000000	-0.194510	-0.053915	+0.428242	+5.882353	+6.228374	-10.016556	-10.016556	193	221	0
0.340	+0.000000	+0.166275	-0.065635	-0.219611	+4.959631	+4.728950	-10.016556	-10.016556	184	219	0
0.350	+0.000000	+0.029804	-0.063291	-0.208631	+1.153403	+0.576701	+2.731788	+2.731788	183	215	0
0.360	+0.000000	+0.000000	-0.065635	-1.394532	+0.000000	+0.000000	+0.000000	+0.000000	180	214	0
0.370	+0.000000	+0.004706	-0.063291	-0.373339	+0.230681	+0.000000	-10.016556	-10.016556	179	213	0
0.380	+0.000000	-0.031373	-0.063291	+0.450203	-0.692042	-1.268743	+9.933775	+9.933775	181	214	0
0.390	+0.000000	-0.036078	-0.063291	+0.549028	-0.922722	-1.268743	+9.933775	+9.933775	183	216	0
0.400	+0.000000	+0.090980	-0.065635	-0.032942	+2.883506	+2.306805	-10.016556	-10.016556	184	218	0
0.410	+0.000000	+0.000000	-0.065635	-1.394532	+0.000000	+0.000000	+0.000000	+0.000000	183	218	0
0.420	+0.000000	-0.031373	-0.060947	+0.000000	-0.922722	-0.922722	+2.649007	+2.649007	181	214	0
0.430	+0.000000	-0.015686	-0.063291	+1.196882	-0.692042	-0.346021	+9.933775	+9.933775	179	212	0
0.440	+0.000000	+0.039216	-0.063291	+0.483145	+1.153403	+1.153403	-10.016556	-10.016556	179	212	0
0.450	+0.000000	+0.045490	-0.063291	-0.329417	+1.153403	+1.384083	-10.016556	-10.016556	180	212	0
0.460	+0.000000	-0.072157	-0.063291	-0.263534	-2.191465	-2.191465	+9.933775	+9.933775	181	214	0
0.470	+0.000000	-0.072157	-0.060947	+0.724717	-2.191465	-2.191465	+9.933775	+9.933775	181	214	0
0.480	+0.000000	+0.045490	-0.060947	+0.164708	+1.384083	+1.153403	-10.016556	-10.016556	183	215	0
0.490	+0.000000	+0.054902	-0.063291	+0.010981	+1.730104	+1.384083	-10.016556	-10.016556	183	216	0
0.500	+0.000000	-0.072157	-0.060947	+0.845503	-2.191465	-2.191465	+9.933775	+9.933775	183	216	0
0.510	+0.000000	-0.076863	-0.063291	+0.043922	-2.422145	-2.191465	-10.016556	-10.016556	183	216	0
0.520	+0.000000	-0.026667	-0.063291	-0.153728	-0.922722	-0.692042	-10.016556	-10.016556	183	217	0
0.530	+0.000000	-0.106667	-0.065635	-0.274514	-3.344867	-2.998847	-10.016556	-10.016556	184	218	0
0.540	+0.000000	-0.156863	-0.058603	+0.329417	-4.844291	-4.498270	+9.933775	+9.933775	183	214	0
0.550	+0.000000	-0.117647	-0.051571	+0.329417	-3.575548	-3.344867	-0.993377	-0.993377	190	216	0
0.560	+0.000000	-0.047059	-0.053915	-0.065883	-1.499423	-1.268743	-10.016556	-10.016556	187	215	0
0.570	+0.000000	-0.097255	-0.060947	+0.724717	-2.998847	-2.768166	+9.933775	+9.933775	183	214	0
0.580	+0.000000	-0.081569	-0.060947	-0.208631	-2.768166	-2.191465	-10.016556	-10.016556	184	215	0
0.590	+0.000000	-0.047059	-0.056259	-0.252553	-1.268743	-1.499423	-10.016556	-10.016556	187	217	0
0.600	+0.000000	-0.131765	-0.053915	+0.395300	-3.921569	-3.921569	+9.933775	+9.933775	190	217	0
0.610	+0.000000	-0.111373	-0.049226	-0.318436	-3.575548	-2.998847	-10.016556	-10.016556	192	218	0
0.620	+0.000000	-0.061176	-0.046882	+0.131767	-2.191465	-1.499423	+9.933775	+9.933775	193	218	0
0.630	+0.000000	-0.056471	-0.044538	+0.472164	-2.191465	-1.268743	+9.933775	+9.933775	193	216	0
0.640	+0.000000	+0.064314	-0.051571	+0.746678	+1.730104	+2.076125	+9.933775	+9.933775	190	217	0
0.650	+0.000000	+0.116078	-0.049226	+0.120786	+3.229527	+3.460208	-10.016556	-10.016556	190	217	0
0.660	+0.000000	+0.075294	-0.051571	+0.054903	+1.730104	+2.652826	-10.016556	-10.016556	192	219	0
0.670	+0.000000	-0.040784	-0.056259	+0.076864	-1.499423	-0.922722	+7.367550	+7.367550	188	217	0
0.680	+0.000000	-0.051765	-0.060947	-0.900406	-1.499423	-1.499423	-10.016556	-10.016556	185	217	0
0.690	+0.000000	-0.036078	-0.058603	-0.713737	-0.922722	-1.268743	+9.933775	+9.933775	187	217	0
0.700	+0.000000	-0.040784	-0.051571	+0.625892	-1.268743	-1.268743	+9.933775	+9.933775	192	219	0
0.710	+0.000000	+0.070588	-0.049226	+0.307456	+2.076125	+2.076125	-10.016556	-10.016556	194	219	0
0.720	+0.000000	+0.000000	-0.049226	-1.394532	+0.000000	+0.000000	+0.000000	+0.000000	194	219	0
0.730	+0.000000	-0.031373	-0.051571	-0.538048	-0.922722	-0.922722	-10.016556	-10.016556	193	220	0
0.740	+0.000000	-0.061176	-0.051571	+0.669814	-1.845444	-1.845444	+9.933775	+9.933775	191	219	0
0.750	+0.000000	-0.040784	-0.051571	+0.768640	-1.268743	-1.268743	+9.933775	+9.933775	192	219	0
0.760	+0.000000	+0.084706	-0.049226	-0.010981	+2.652826	+2.306805	-10.016556	-10.016556	194	220	0
0.770	+0.000000	+0.000000	-0.049226	-1.394532	+0.000000	+0.000000	+0.000000	+0.000000	194	220	0
0.780	+0.000000	-0.031373	-0.049226	+0.329417	-0.922722	-0.922722	+9.933775	+9.933775	193	219	0
0.790	+0.000000	+0.004706	-0.053915	+1.185901	+0.000000	+0.230681	+9.933775	+9.933775	191	218	0
0.800	+0.000000	+0.100392	-0.056259	+0.098825	+2.883506	+2.883506	-10.016556	-10.016556	188	218	0
0.810	+0.000000	+0.100392	-0.060947	+0.263534	+2.883506	+2.883506	+9.933775	+9.933775	185	217	0
0.820	+0.000000	+0.045490	-0.060947	+0.318436	+1.384083	+1.153403	+9.933775	+9.933775	184	216	0
0.830	+0.000000	+0.125490	-0.058603	+0.790601	+3.806228	+3.460208	+9.933775	+9.933775	185	216	0
0.840	+0.000000	+0.170980	-0.053915	-0.757659	+5.305652	+4.728950	-10.016556	-10.016556	190	218	0
0.850	+0.000000	+0.120784	-0.049226	+0.263534	+3.460208	+3.460208	+9.933775	+9.933775	189	215	0
0.860	+0.000000	+0.084706	-0.063291	+0.614912	+2.306805	+2.652826	+9.933775	+9.933775	183	217	0
0.870	+0.000000	+0.161569	-0.060947	-0.516087	+4.728950	+4.728950	-10.016556	-10.016556	183	214	0
0.880	+0.000000	+0.141176	-0.060947	-0.483145	+4.152249	+4.152249	+9.933775	+9.933775	180	212	0
0.890	+0.000000	+0.095686	-0.063291	+0.647853	+2.883506	+2.652826	+9.933775	+9.933775	181	214	0
0.900	+0.000000	+0.161569	-0.058603	+0.131767	+4.728950	+4.728950	-10.016556	-10.016556	186	216	0
0.910	+0.000000	+0.141176	-0.051571	+0.395300	+4.152249	+4.152249	+9.933775	+9.933775	190	216	0
0.920	+0.000000	+0.080000	-0.046882	-0.010981	+2.652826	+2.076125	-10.016556	-10.016556	189	213	0
0.930	+0.000000	+0.080000	-0.042194	-0.109806	+2.652826	+2.076125	-10.016556	-10.016556	187	210	0
0.940	+0.000000	-0.056471	-0.037506	+0.175689	-1.499423	-1.845444	+9.933775	+9.933775	190	209	0
0.950	+0.000000	-0.015686	-0.035162	-0.219611	-0.346021	-0.692042	-10.016556	-10.016556	191	209	0
0.960	+0.000000	+0.014118	-0.037506	-1.021192	+0.576701	+0.230681	-10.016556	-10.016556	189	209	0
0.970	+0.000000	-0.076863	-0.042194	+0.307456	-2.191465	-2.422145	+9.933775	+9.933775	188	210	0
0.980	+0.000000	-0.081569	-0.042194	+0.691776	-2.191465	-2.768166	+9.933775	+9.933775	190	212	0
0.990	+0.000000	+0.050196	-0.044538	-0.461184	+1.730104	+1.153403	-10.016556	-10.016556	191	214	0
1.000	+0.000000	+0.039216	-0.044538	+0.592950	+1.153403	+1.153403	+9.933775	+9.933775	193	216	0
1.010	+0.000000	-0.006275	-0.042194	+0.516087	+0.000000	-0.346021	-10.016556	-10.016556	192	214	0
1.020	+0.000000	+0.034510	-0.042194	+0.241572	+1.153403	+0.807382	-10.016556	-10.016556	192	213	0
1.030	+0.000000	-0.076863	-0.037506	+0.109806	-2.191465	-2.422145	-10.016556	-10.016556	192	211	0
1.040	+0.000000	-0.131765	-0.039850	+0.856484	-4.267589	-3.575548	+9.933775	+9.933775	192	213	0
1.050	+0.000000	-0.092549	-0.042194	+0.263534	-2.768166	-2.768166	-10.016556	-10.016556	193	215	0
1.060	+0.000000	-0.047059	-0.051571	-0.329417	-1.499423	-1.268743	-10.016556	-10.016556	184	211	0
1.070	+0.000000	+0.000000	-0.053915	-1.394532	+0.000000	+0.000000	+0.000000	+0.000000	184	212	0
1.080	+0.000000	-0.172549	-0.053915	-0.186670	-5.420992	-4.844291	-10.016556	-10.016556	185	214	0
1.090	+0.000000	-0.183529	-0.053915	-0.856484	-5.767013	-5.074971	-10.016556	-10.016556	186	214	0
1.100	+0.000000	+0.194510	-0.046882	+0.373339	-6.574394	-5.767013	+9.933775	+9.933775	187	212	0
1.110	+0.000000	-0.156863	-0.044538	-0.065883	-4.844291	-4.498270	-10.016556	-10.016556	191	214	0
1.120	+0.000000	-0.117647	-0.053915	+0.076864	-3.575548	-3.344867	+9.933775	+9.933775	183	211	0
1.130	+0.000000	-0.111373	-0.046882	+0.889426	-3.575548	-2.998847	+9.933775	+9.933775	188	213	0
1.140	+0.000000	+0.004706	-0.044538	+0.461184	+0.000000	+0.230681	-10.016556	-10.016556	190	213	0
1.150	+0.000000	+0.009412	-0.049226	-0.790601	+0.576701	+0.000000	-10.016556	-10.016556	188	213	0
1.160	+0.000000	-0.101961	-0.053915	-0.735698	-2.998847	-2.998847	+9.933775	+9.933775	184	212	0
1.170	+0.000000	+0.000000	-0.053915	+1.394532	+0.000000	+0.000000	+0.000000	+0.000000	184	212	0
1.180	+0.000000	+0.009412	-0.049226	+0.296475	+0.000000	+0.576701	+9.933775	+9.933775	188	213	0
1.190	+0.000000	+0.045490	-0.044538	+0.285495	+1.153403	+1.384083	-1.821192	-1.821192	190	213	0
1.200	+0.000000	+0.070588	-0.046882	-0.801581	+2.306805	+1.730104	-10.016556	-10.016556	189	213	0
1.210	+0.000000	+0.000000	-0.053915	+1.185901	+0.000000	+0.000000	+9.933775	+9.933775	185	213	0
1.220	+0.000000	-0.015686	-0.056259	+0.461184	-0.922722	+0.000000	-10.016556	-10.016556	182	212	0
1.230	+0.000000	+0.009412	-0.053915	+0.516087	+0.000000	+0.576701	+9.933775	+9.933775	183	211	0
1.240	+0.000000	+0.004706	-0.056259	+0.021961	+0.000000	+0.230681	-10.016556	-10.016556	182	212	0
1.250	+0.000000	+0.009412	-0.053915	-0.197650	+0.230681	+0.230681	-10.016556	-10.016556	184	212	0
1.260	+0.000000	-0.097255	-0.049226	+0.538048	-2.998847	-2.768166	+9.933775	+9.933775	187	213	0
1.270	+0.000000	-0.086275	-0.046882	+0.417261	-2.422145	-2.768166	-10.016556	-10.016556	189	213	0
1.280	+0.000000	-0.040784	-0.044538	-0.296475	-1.268743	-1.268743	-10.016556	-10.016556	190	213	0
1.290	+0.000000	-0.138039	-0.042194	+0.010981	-4.267589	-3.921569	+9.933775	+9.933775	190	212	0
1.300	+0.000000	-0.097255	-0.039850	+0.647853	-2.998847	-2.768166	+9.933775	+9.933775	189	210	0
1.310	+0.000000	+0.029804	-0.053915	-0.834523	+1.153403	+0.576701	-10.016556	-10.016556	184	212	0
1.320	+0.000000	+0.000000	-0.067979	-1.394532	+0.000000	+0.000000	+0.000000	+0.000000	179	214	0
1.330	+0.000000	-0.061176	-0.067979	+0.219611	-1.845444	-1.845444	+9.933775	+9.933775	178	214	0
1.340	+0.000000	-0.010980	-0.067979	+1.295707	+0.000000	-0.692042	+9.933775	+9.933775	179	215	0
1.350	+0.000000	+0.100392	-0.067979	+0.889426	+3.229527	+2.652826	-10.016556	-10.016556	179	215	0
1.360	+0.000000	+0.059608	-0.060947	+0.000000	+1.730104	+1.730104	-10.016556	-10.016556	181	213	0
1.370	+0.000000	+0.000000	-0.046882	-1.394532	+0.000000	+0.000000	+0.000000	+0.000000	186	210	0
1.380	+0.000000	-0.081569	-0.044538	-1.087076	-2.768166	-2.191465	-10.016556	-10.016556	186	210	0
1.390	+0.000000	-0.092549	-0.053915	+0.285495	-2.768166	-2.768166	+9.933775	+9.933775	183	211	0
1.400	+0.000000	-0.081569	-0.067979	+0.219611	-2.422145	-2.422145	-10.016556	-10.016556	178	214	0
1.410	+0.000000	-0.036078	-0.067979	+0.000000	-0.922722	-1.268743	-10.016556	-10.016556	181	216	0
1.420	+0.000000	-0.131765	-0.053915	-0.131767	-3.921569	-3.921569	-10.016556	-10.016556	185	214	0
1.430	+0.000000	+0.200784	-0.053915	-0.054903	-5.997693	-5.997693	+9.933775	+9.933775	186	214	0
1.440	+0.000000	-0.163137	-0.056259	+0.252553	-4.844291	-4.844291	+9.933775	+9.933775	188	218	0
1.450	+0.000000	-0.026667	-0.058603	-0.175689	-0.922722	-0.692042	-10.016556	-10.016556	189	220	0
1.460	+0.000000	+0.000000	-0.065635	-1.394532	+0.000000	+0.000000	+0.000000	+0.000000	184	219	0
1.470	+0.000000	-0.076863	-0.067979	-0.285495	-2.422145	-2.191465	-10.016556	-10.016556	183	218	0
1.480	+0.000000	-0.101961	-0.065635	+0.581970	-2.998847	-2.998847	+9.933775	+9.933775	182	216	0
1.490	+0.000000	-0.097255	-0.063291	+0.087845	-2.998847	-2.768166	-10.016556	-10.016556	184	217	0
1.500	+0.000000	-0.047059	-0.060947	+0.120786	-1.268743	-1.499423	+9.933775	+9.933775	189	220	0
1.510	+0.000000	-0.047059	-0.060947	+0.120786	-1.499423	-1.268743	-0.082781	-0.082781	194	226	0
1.520	+0.000000	+0.014118	-0.067979	-0.735698	+0.230681	+0.576701	-10.016556	-10.016556	194	230	0
1.530	+0.000000	-0.051765	-0.067979	+0.000000	-1.499423	-1.499423	+9.933775	+9.933775	194	230	0
1.540	+0.000000	-0.051765	-0.072668	+0.373339	-1.845444	-1.268743	+9.933775	+9.933775	193	231	0
1.550	+0.000000	+0.059608	-0.072668	+0.241572	+1.384083	+2.076125	-10.016556	-10.016556	194	232	0
1.560	+0.000000	+0.054902	-0.070323	-0.538048	+1.730104	+1.384083	-10.016556	-10.016556	195	232	0
1.570	+0.000000	-0.081569	-0.065635	+1.130998	-2.191465	-2.768166	+9.933775	+9.933775	196	231	0
1.580	+0.000000	-0.065882	-0.063291	+0.175689	-2.191465	-1.845444	-10.016556	-10.016556	197	231	0
1.590	+0.000000	-0.026667	-0.067979	+0.164708	-0.692042	-0.922722	-3.062914	-3.062914	198	234	0
1.600	+0.000000	-0.086275	-0.075012	+0.307456	-2.422145	-2.768166	+9.933775	+9.933775	198	237	0
1.610	+0.000000	-0.036078	-0.075012	+0.483145	-0.922722	-1.268743	+9.933775	+9.933775	198	238	0
1.620	+0.000000	+0.054902	-0.072668	+1.273745	+2.076125	+1.153403	+9.933775	+9.933775	200	238	0
1.630	+0.000000	+0.100392	-0.075012	+0.790601	+3.229527	+2.652826	-10.016556	-10.016556	202	241	0
1.640	+0.000000	+0.070588	-0.077356	-0.494125	+2.306805	+1.730104	-10.016556	-10.016556	206	246	0
1.650	+0.000000	-0.051765	-0.065635	-0.318436	-1.499423	-1.499423	+9.933775	+9.933775	210	245	0
1.660	+0.000000	+0.000000	-0.065635	+1.394532	+0.000000	+0.000000	+0.000000	+0.000000	211	246	0
1.670	+0.000000	+0.029804	-0.065635	-0.252553	+0.807382	+0.807382	-10.016556	-10.016556	215	249	0
1.680	+0.000000	-0.020392	-0.063291	+0.560009	-0.346021	-0.922722	+9.933775	+9.933775	219	252	0
1.690	+0.000000	-0.031373	-0.060947	+0.636873	-0.346021	-1.499423	+9.933775	+9.933775	222	254	0
1.700	+0.000000	+0.054902	-0.058603	-0.439223	+2.076125	+1.153403	-10.016556	-10.016556	224	255	0
1.710	+0.000000	+0.034510	-0.053915	-0.724717	+1.384083	+0.576701	-10.016556	-10.016556	227	255	0
1.720	+0.000000	-0.081569	-0.049226	+0.274514	-2.191465	-2.768166	+9.933775	+9.933775	229	255	0
1.730	+0.000000	-0.072157	-0.044538	+0.867465	-2.191465	-2.191465	+9.933775	+9.933775	231	255	0
1.740	+0.000000	+0.070588	-0.039850	-0.230592	+2.076125	+2.076125	-10.016556	-10.016556	234	255	0
1.750	+0.000000	+0.050196	-0.037506	+1.218843	+1.730104	+1.153403	+9.933775	+9.933775	236	255	0
1.760	+0.000000	+0.009412	-0.032818	+1.273745	+0.230681	+0.230681	+9.933775	+9.933775	237	255	0
1.770	+0.000000	+0.080000	-0.028129	+0.801581	+2.306805	+2.306805	-10.016556	-10.016556	240	255	0
1.780	+0.000000	+0.050196	-0.028129	+0.922367	+1.153403	+1.730104	+9.933775	+9.933775	240	255	0
1.790	+0.000000	+0.018824	-0.028129	+0.417261	+0.230681	+0.807382	-10.016556	-10.016556	240	255	0
1.800	+0.000000	+0.029804	-0.025785	+0.900406	+0.807382	+0.807382	+9.933775	+9.933775	241	255	0
1.810	+0.000000	+0.000000	-0.025785	+1.394532	+0.000000	+0.000000	+0.000000	+0.000000	242	255	0
1.820	+0.000000	+0.054902	-0.025785	+0.900406	+1.730104	+1.384083	+9.933775	+9.933775	242	255	0
1.830	+0.000000	+0.000000	-0.023441	+1.394532	+0.000000	+0.000000	+0.000000	+0.000000	243	255	0
1.840	+0.000000	+0.075294	-0.023441	+0.889426	+2.306805	+2.076125	+9.933775	+9.933775	242	255	0
1.850	+0.000000	+0.090980	-0.023441	+0.768640	+2.652826	+2.652826	-10.016556	-10.016556	243	255	0
1.860	+0.000000	+0.070588	-0.023441	+0.592950	+1.730104	+2.306805	-10.016556	-10.016556	242	255	0
1.870	+0.000000	-0.065882	-0.023441	+0.658834	-2.191465	-1.845444	+9.933775	+9.933775	243	255	0
1.880	+0.000000	+0.000000	-0.023441	+1.394532	+0.000000	+0.000000	+0.000000	+0.000000	243	255	0
1.890	+0.000000	+0.000000	-0.023441	+1.394532	+0.000000	+0.000000	+0.000000	+0.000000	243	255	0
1.900	+0.000000	+0.029804	-0.023441	+0.856484	+1.153403	+0.576701	+9.933775	+9.933775	243	255	0
1.910	+0.000000	+0.034510	-0.016409	+0.307456	+1.153403	+0.807382	-10.016556	-10.016556	246	255	0
1.920	+0.000000	+0.000000	-0.021097	+1.394532	+0.000000	+0.000000	+0.000000	+0.000000	244	255	0
1.930	+0.000000	-0.051765	-0.018753	+1.328648	-1.268743	-1.845444	+9.933775	+9.933775	246	255	0
1.940	+0.000000	-0.006275	-0.021097	+0.702756	+0.230681	-0.692042	-10.016556	-10.016556	244	255	0
1.950	+0.000000	+0.025098	-0.021097	+1.185901	+1.153403	+0.230681	+9.933775	+9.933775	244	255	0
1.960	+0.000000	-0.010980	-0.021097	+0.944329	+0.000000	-0.692042	-10.016556	-10.016556	244	255	0
1.970	+0.000000	+0.000000	-0.021097	-0.010981	+0.000000	+0.000000	-10.016556	-10.016556	244	255	0
1.980	+0.000000	-0.111373	-0.021097	+0.351378	-3.575548	-2.998847	+9.933775	+9.933775	244	255	0
1.990	+0.000000	-0.092549	-0.021097	+1.032173	-2.998847	-2.422145	+9.933775	+9.933775	244	255	0
2.000	+0.000000	+0.034510	-0.018753	+1.043154	+1.153403	+0.807382	+4.221854	+4.139073	245	255	0
2.010	+0.000000	+0.000000	-0.018753	+1.394532	+0.000000	+0.000000	+0.000000	+0.000000	245	255	0
2.020	+0.000000	+0.000000	-0.018753	+1.394532	+0.000000	+0.000000	+0.000000	+0.000000	245	255	0
2.030	+0.000000	+0.000000	-0.018753	+1.394532	+0.000000	+0.000000	+0.000000	+0.000000	245	255	0
2.040	+0.000000	+0.004706	-0.018753	+0.845503	+0.000000	+0.230681	+9.933775	+9.933775	245	255	0
2.050	+0.000000	+0.045490	-0.018753	+1.174920	+1.153403	+1.384083	+9.933775	+9.933775	245	255	0
2.060	+0.000000	+0.000000	-0.018753	+1.394532	+0.000000	+0.000000	+0.000000	+0.000000	245	255	0
2.070	+0.000000	+0.000000	-0.021097	+1.394532	+0.000000	+0.000000	+0.000000	+0.000000	244	255	0
2.080	+0.000000	+0.090980	-0.021097	+1.076095	+2.652826	+2.652826	+9.933775	+9.933775	244	255	0
2.090	+0.000000	+0.116078	-0.023441	+0.856484	+3.229527	+3.460208	-10.016556	-10.016556	243	255	0
2.100	+0.000000	+0.100392	-0.023441	+0.669814	+2.883506	+2.883506	-10.016556	-10.016556	242	255	0
2.110	+0.000000	-0.036078	-0.023441	+0.834523	-0.922722	-1.268743	+9.933775	+9.933775	242	255	0
2.120	+0.000000	-0.036078	-0.023441	+1.306687	-0.922722	-1.268743	+9.933775	+9.933775	243	255	0
2.130	+0.000000	+0.084706	-0.023441	-0.087845	+2.652826	+2.306805	-10.016556	-10.016556	243	255	0
2.140	+0.000000	+0.084706	-0.025785	+0.636873	+2.652826	+2.306805	+9.933775	+9.933775	242	255	0
2.150	+0.000000	+0.014118	-0.023441	+0.614912	+0.230681	+0.576701	-7.036424	-6.953642	242	255	0
2.160	+0.000000	+0.029804	-0.023441	+0.702756	+0.576701	+1.153403	+9.933775	+9.933775	242	255	0
2.170	+0.000000	+0.034510	-0.025785	+0.505106	+0.807382	+1.153403	-10.016556	-10.016556	242	255	0
2.180	+0.000000	+0.045490	-0.025785	+0.801581	+1.384083	+1.153403	+9.933775	+9.933775	241	255	0
2.190	+0.000000	+0.014118	-0.025785	+0.922367	+0.576701	+0.230681	+9.933775	+9.933775	242	255	0
2.200	+0.000000	+0.000000	-0.025785	+1.394532	+0.000000	+0.000000	+0.000000	+0.000000	241	255	0
2.210	+0.000000	+0.100392	-0.025785	+1.372571	+3.229527	+2.652826	+9.933775	+9.933775	242	255	0
2.220	+0.000000	+0.109804	-0.025785	+0.757659	+3.460208	+2.883506	-10.016556	-10.016556	241	255	0
2.230	+0.000000	+0.095686	-0.028129	+0.691776	+3.229527	+2.306805	-10.016556	-10.016556	240	255	0
2.240	+0.000000	-0.036078	-0.030474	+0.801581	-0.922722	-1.268743	+9.933775	+9.933775	239	255	0
2.250	+0.000000	-0.047059	-0.032818	+0.549028	-0.922722	-1.845444	-10.016556	-10.016556	238	255	0
2.260	+0.000000	+0.000000	-0.030474	+1.163940	+0.230681	-0.346021	+9.933775	+9.933775	239	255	0
2.270	+0.000000	+0.000000	-0.028129	+1.394532	+0.000000	+0.000000	+0.000000	+0.000000	240	255	0
2.280	+0.000000	+0.029804	-0.028129	+0.999231	+1.153403	+0.576701	+9.933775	+9.933775	241	255	0
2.290	+0.000000	+0.000000	-0.025785	+1.394532	+0.000000	+0.000000	+0.000000	+0.000000	241	255	0
2.300	+0.000000	+0.045490	-0.028129	+1.328648	+1.384083	+1.153403	+9.933775	+9.933775	240	255	0
2.310	+0.000000	+0.059608	-0.028129	+0.966290	+1.730104	+1.730104	-10.016556	-10.016556	240	255	0
2.320	+0.000000	+0.059608	-0.030474	+0.900406	+2.076125	+1.384083	-10.016556	-10.016556	239	255	0
2.330	+0.000000	-0.072157	-0.032818	+0.724717	-2.191465	-2.191465	-10.016556	-10.016556	238	255	0
2.340	+0.000000	-0.142745	-0.032818	+0.219611	-4.267589	-4.267589	-10.016556	-10.016556	237	255	0
2.350	+0.000000	+0.000000	-0.032818	+1.394532	+0.000000	+0.000000	+0.000000	+0.000000	238	255	0
2.360	+0.000000	+0.000000	-0.028129	+1.394532	+0.000000	+0.000000	+0.000000	+0.000000	240	255	0
2.370	+0.000000	-0.172549	-0.025785	+0.669814	-4.844291	-5.420992	+9.933775	+9.933775	242	255	0
2.380	+0.000000	-0.106667	-0.028129	+0.494125	-2.998847	-3.344867	-10.016556	-10.016556	241	255	0
2.390	+0.000000	-0.076863	-0.028129	-1.120018	-2.422145	-2.191465	-10.016556	-10.016556	240	255	0
2.400	+0.000000	-0.167843	-0.028129	+0.527067	-5.074971	-4.844291	+9.933775	+9.933775	240	255	0
2.410	+0.000000	-0.142745	-0.032818	+0.549028	-4.267589	-4.267589	+7.533113	+7.533113	237	255	0
2.420	+0.000000	-0.020392	-0.032818	+0.417261	-0.692042	-0.692042	-10.016556	-10.016556	238	255	0
2.430	+0.000000	-0.036078	-0.032818	-0.680795	-1.268743	-0.922722	-10.016556	-10.016556	238	255	0
2.440	+0.000000	-0.138039	-0.032818	+0.823542	-4.267589	-3.921569	+9.933775	+9.933775	238	255	0
2.450	+0.000000	-0.117647	-0.030474	+1.109037	-3.575548	-3.344867	+9.933775	+9.933775	239	255	0
2.460	+0.000000	+0.029804	-0.030474	+0.527067	+0.807382	+0.807382	-10.016556	-10.016556	238	255	0
2.470	+0.000000	+0.000000	-0.030474	+1.394532	+0.000000	+0.000000	+0.000000	+0.000000	239	255	0
2.480	+0.000000	+0.000000	-0.030474	+1.394532	+0.000000	+0.000000	+0.000000	+0.000000	239	255	0
2.490	+0.000000	-0.036078	-0.028129	+0.658834	-1.268743	-0.922722	+9.933775	+9.933775	240	255	0
2.500	+0.000000	+0.009412	-0.028129	+0.856484	+0.000000	+0.576701	+9.933775	+9.933775	240	255	0
2.510	+0.000000	+0.000000	-0.028129	+1.394532	+0.000000	+0.000000	+0.000000	+0.000000	241	255	0
2.520	+0.000000	+0.000000	-0.028129	+1.394532	+0.000000	+0.000000	+0.000000	+0.000000	240	255	0
2.530	+0.000000	+0.080000	-0.030474	+1.240804	+2.076125	+2.652826	+9.933775	+9.933775	239	255	0
2.540	+0.000000	+0.105098	-0.025785	+0.636873	+2.883506	+3.229527	-10.016556	-10.016556	241	255	0
2.550	+0.000000	+0.090980	-0.035162	+0.955309	+2.652826	+2.652826	+9.933775	+9.933775	237	255	0
2.560	+0.000000	+0.050196	-0.035162	+0.658834	+1.153403	+1.730104	-10.016556	-10.016556	237	255	0
2.570	+0.000000	+0.054902	-0.035162	+0.658834	+1.384083	+1.730104	+0.662252	+0.662252	236	255	0
2.580	+0.000000	-0.026667	-0.037506	+1.065115	-0.922722	-0.692042	+9.933775	+9.933775	236	255	0
2.590	+0.000000	+0.034510	-0.037506	+0.527067	+1.153403	+0.807382	-10.016556	-10.016556	236	255	0
2.600	+0.000000	+0.050196	-0.037506	+0.779620	+1.384083	+1.384083	+9.933775	+9.933775	236	255	0
2.610	+0.000000	+0.004706	-0.035162	+0.702756	+0.230681	+0.000000	-10.016556	-10.016556	236	255	0
2.620	+0.000000	+0.000000	-0.035162	-0.175689	+0.230681	-0.346021	-10.016556	-10.016556	237	255	0
2.630	+0.000000	-0.111373	-0.035162	+0.527067	-3.344867	-3.344867	+9.933775	+9.933775	236	255	0
2.640	+0.000000	+0.000000	-0.035162	+1.394532	+0.000000	+0.000000	+0.000000	+0.000000	237	255	0
2.650	+0.000000	+0.000000	-0.032818	+0.065883	+0.000000	+0.000000	+9.933775	+9.933775	238	255	0
2.660	+0.000000	+0.034510	-0.032818	+0.823542	+1.153403	+0.807382	+9.933775	+9.933775	238	255	0
2.670	+0.000000	+0.100392	-0.030474	+0.834523	+3.229527	+2.652826	+2.483444	+2.483444	238	255	0
2.680	+0.000000	+0.000000	-0.028129	+1.394532	+0.000000	+0.000000	+0.000000	+0.000000	240	255	0
2.690	+0.000000	+0.090980	-0.037506	+1.010212	+2.652826	+2.652826	+9.933775	+9.933775	236	255	0
2.700	+0.000000	+0.105098	-0.037506	+0.549028	+2.883506	+3.229527	-10.016556	-10.016556	235	255	0
2.710	+0.000000	+0.095686	-0.042194	+1.043154	+2.652826	+2.883506	+9.933775	+9.933775	233	255	0
2.720	+0.000000	+0.054902	-0.039850	+1.076095	+1.730104	+1.384083	+9.933775	+9.933775	234	255	0
2.730	+0.000000	+0.141176	-0.044538	+0.274514	+4.152249	+4.152249	-10.016556	-10.016556	232	255	0
2.740	+0.000000	+0.125490	-0.046882	+0.823542	+3.460208	+3.806228	+9.933775	+9.933775	231	255	0
2.750	+0.000000	+0.070588	-0.053915	+1.087076	+2.076125	+2.076125	+9.933775	+9.933775	227	255	0
2.760	+0.000000	+0.155294	-0.056259	+0.614912	+4.382930	+4.728950	-10.016556	-10.016556	225	255	0
2.770	+0.000000	+0.130196	-0.065635	+0.208631	+3.806228	+3.806228	-10.016556	-10.016556	221	255	0
2.780	+0.000000	-0.010980	-0.065635	+1.130998	-0.346021	-0.346021	+9.933775	+9.933775	221	255	0
2.790	+0.000000	+0.000000	-0.063291	+1.394532	+0.000000	+0.000000	+0.000000	+0.000000	220	253	0
2.800	+0.000000	+0.059608	-0.065635	-0.285495	+1.384083	+2.076125	-10.016556	-10.016556	219	252	0
2.810	+0.000000	+0.014118	-0.063291	+0.120786	+0.000000	+0.807382	+9.933775	+9.933775	217	250	0
2.820	+0.000000	+0.000000	-0.065635	+0.450203	-0.692042	+0.576701	+9.933775	+9.933775	215	249	0
2.830	+0.000000	+0.100392	-0.060947	+0.779620	+2.652826	+3.229527	+9.933775	+9.933775	216	248	0
2.840	+0.000000	+0.155294	-0.063291	-0.274514	+4.152249	+4.959631	-10.016556	-10.016556	212	246	0
2.850	+0.000000	+0.109804	-0.058603	+1.098056	+2.883506	+3.460208	+9.933775	+9.933775	211	241	0
2.860	+0.000000	+0.059608	-0.067979	+0.878445	+1.384083	+2.076125	-10.016556	-10.016556	199	235	0
2.870	+0.000000	+0.059608	-0.084388	+0.043922	+1.730104	+1.730104	-10.016556	-10.016556	191	235	0
2.880	+0.000000	+0.000000	-0.082044	+1.394532	+0.000000	+0.000000	+0.000000	+0.000000	190	232	0
2.890	+0.000000	-0.072157	-0.084388	+0.790601	-2.191465	-2.191465	+9.933775	+9.933775	187	232	0
2.900	+0.000000	-0.010980	-0.067979	-0.076864	-0.346021	-0.346021	-10.016556	-10.016556	191	227	0
2.910	+0.000000	+0.004706	-0.053915	+0.241572	+0.000000	+0.230681	+9.933775	+9.933775	198	226	0
2.920	+0.000000	-0.026667	-0.053915	+0.669814	-0.922722	-0.692042	+9.933775	+9.933775	199	227	0
2.930	+0.000000	+0.059608	-0.053915	+0.307456	+1.730104	+1.730104	-10.016556	-10.016556	197	225	0
2.940	+0.000000	+0.045490	-0.056259	-0.021961	+1.153403	+1.384083	-10.016556	-10.016556	191	220	0
2.950	+0.000000	-0.072157	-0.072668	+0.208631	-1.845444	-2.422145	+9.933775	+9.933775	183	221	0
2.960	+0.000000	-0.047059	-0.075012	+0.197650	-1.499423	-1.268743	-3.228477	-3.228477	181	220	0
2.970	+0.000000	+0.029804	-0.070323	+0.120786	+0.807382	+0.807382	-10.016556	-10.016556	182	218	0
2.980	+0.000000	-0.020392	-0.060947	+0.153728	-0.346021	-0.922722	+9.933775	+9.933775	183	216	0
2.990	+0.000000	-0.020392	-0.056259	+0.241572	-0.346021	-0.922722	+9.933775	+9.933775	185	215	0
3.000	+0.000000	+0.090980	-0.053915	+0.230592	+2.883506	+2.306805	-4.801325	-4.884106	187	215	0
3.010	+0.000000	+0.000000	-0.051571	-1.394532	+0.000000	+0.000000	+0.000000	+0.000000	187	214	0
3.020	+0.000000	+0.070588	-0.063291	-0.186670	+1.730104	+2.306805	-10.016556	-10.016556	180	214	0
3.030	+0.000000	+0.018824	-0.072668	+0.614912	+0.576701	+0.576701	+9.933775	+9.933775	178	216	0
3.040	+0.000000	+0.000000	-0.070323	+0.834523	+0.230681	-0.346021	+9.933775	+9.933775	178	216	0
3.050	+0.000000	+0.109804	-0.070323	+1.196882	+3.229527	+3.229527	+9.933775	+9.933775	178	215	0
3.060	+0.000000	+0.181961	-0.070323	-0.076864	+5.305652	+5.305652	-10.016556	-10.016556	179	215	0
3.070	+0.000000	+0.120784	-0.065635	-0.142747	+3.460208	+3.460208	-10.016556	-10.016556	180	214	0
3.080	+0.000000	-0.020392	-0.058603	-0.724717	-0.692042	-0.692042	-10.016556	-10.016556	183	213	0
3.090	+0.000000	-0.092549	-0.051571	-1.251784	-2.768166	-2.768166	-10.016556	-10.016556	186	214	0
3.100	+0.000000	-0.131765	-0.053915	+0.032942	-4.267589	-3.575548	+9.933775	+9.933775	184	212	0
3.110	+0.000000	-0.101961	-0.056259	-0.065883	-2.768166	-3.344867	-10.016556	-10.016556	185	214	0
3.120	+0.000000	-0.051765	-0.044538	+0.581970	-1.499423	-1.499423	+9.933775	+9.933775	187	211	0
3.130	+0.000000	-0.061176	-0.039850	+0.054903	-1.845444	-1.845444	-10.016556	-10.016556	192	212	0
3.140	+0.000000	-0.036078	-0.037506	-0.208631	-0.922722	-1.268743	-10.016556	-10.016556	193	212	0
3.150	+0.000000	-0.131765	-0.035162	-0.944329	-3.921569	-3.921569	-10.016556	-10.016556	194	212	0
3.160	+0.000000	-0.167843	-0.032818	-0.439223	-5.074971	-4.844291	+9.933775	+9.933775	195	212	0
3.170	+0.000000	+0.000000	-0.042194	+1.394532	+0.000000	+0.000000	+0.000000	+0.000000	189	211	0
3.180	+0.000000	-0.026667	-0.044538	-0.625892	-0.922722	-0.692042	-10.016556	-10.016556	188	211	0
3.190	+0.000000	+0.000000	-0.035162	-1.394532	+0.000000	+0.000000	+0.000000	+0.000000	191	210	0
3.200	+0.000000	-0.122353	-0.032818	+0.153728	-3.921569	-3.344867	+9.933775	+9.933775	192	209	0
3.210	+0.000000	-0.061176	-0.030474	-0.131767	-2.191465	-1.499423	-10.016556	-10.016556	193	209	0
3.220	+0.000000	-0.020392	-0.030474	+0.043922	-1.268743	+0.000000	+9.933775	+9.933775	192	207	0
3.230	+0.000000	-0.036078	-0.035162	-0.603931	-1.268743	-0.922722	-10.016556	-10.016556	190	208	0
3.240	+0.000000	+0.000000	-0.039850	-1.394532	+0.000000	+0.000000	+0.000000	+0.000000	188	209	0
3.250	+0.000000	-0.065882	-0.039850	-0.966290	-2.768166	-1.268743	-10.016556	-10.016556	189	209	0
3.260	+0.000000	-0.081569	-0.042194	+0.065883	-3.344867	-1.499423	+9.933775	+9.933775	188	210	0
3.270	+0.000000	-0.061176	-0.042194	+0.955309	-2.768166	-0.922722	+9.933775	+9.933775	188	210	0
3.280	+0.000000	+0.064314	-0.039850	-0.812562	+1.153403	+2.652826	-10.016556	-10.016556	189	210	0
3.290	+0.000000	+0.000000	-0.039850	-1.394532	+0.000000	+0.000000	+0.000000	+0.000000	189	210	0
3.300	+0.000000	-0.040784	-0.037506	-0.054903	-2.191465	-0.346021	-10.016556	-10.016556	190	210	0
3.310	+0.000000	-0.061176	-0.039850	+0.274514	-2.422145	-1.268743	+9.933775	+9.933775	190	211	0
3.320	+0.000000	-0.036078	-0.035162	+0.120786	-1.845444	-0.346021	-10.016556	-10.016556	192	210	0
3.330	+0.000000	+0.004706	-0.032818	-0.153728	-0.692042	+0.807382	-10.016556	-10.016556	192	209	0
3.340	+0.000000	-0.097255	-0.035162	-0.307456	-3.344867	-2.422145	-10.016556	-10.016556	191	209	0
3.350	+0.000000	-0.177255	-0.037506	-0.702756	-5.767013	-4.844291	-10.016556	-10.016556	190	210	0
3.360	+0.000000	-0.192941	-0.044538	+0.472164	-6.574394	-4.844291	+9.933775	+9.933775	188	212	0
3.370	+0.000000	-0.142745	-0.053915	-0.131767	-4.498270	-3.921569	-10.016556	-10.016556	185	213	0
3.380	+0.000000	+0.000000	-0.056259	-1.394532	+0.000000	+0.000000	+0.000000	+0.000000	181	210	0
3.390	+0.000000	-0.127059	-0.053915	-1.350609	-3.921569	-3.575548	-10.016556	-10.016556	182	210	0
3.400	+0.000000	-0.142745	-0.053915	-0.241572	-4.267589	-4.267589	+9.933775	+9.933775	181	209	0
3.410	+0.000000	-0.127059	-0.053915	+0.779620	-3.575548	-3.921569	+9.933775	+9.933775	180	208	0
3.420	+0.000000	+0.018824	-0.053915	+0.219611	+0.576701	+0.576701	-10.016556	-10.016556	179	208	0
3.430	+0.000000	+0.039216	-0.053915	+1.240804	+1.153403	+1.153403	+9.933775	+9.933775	180	208	0
3.440	+0.000000	+0.004706	-0.053915	-0.834523	+0.230681	+0.000000	-10.016556	-10.016556	180	208	0
3.450	+0.000000	+0.014118	-0.053915	-0.757659	+0.576701	+0.230681	+9.933775	+9.933775	180	208	0
3.460	+0.000000	-0.015686	-0.053915	+0.043922	-0.692042	-0.346021	+9.933775	+9.933775	179	208	0
3.470	+0.000000	+0.084706	-0.053915	+0.351378	+2.306805	+2.652826	+9.933775	+9.933775	179	208	0
3.480	+0.000000	+0.136471	-0.056259	-1.098056	+3.806228	+4.152249	-10.016556	-10.016556	180	209	0
3.490	+0.000000	+0.000000	-0.051571	-1.394532	+0.000000	+0.000000	+0.000000	+0.000000	184	212	0
3.500	+0.000000	+0.025098	-0.051571	-0.801581	+0.576701	+0.807382	-10.016556	-10.016556	185	212	0
3.510	+0.000000	-0.006275	-0.044538	+0.241572	-0.346021	+0.000000	+9.933775	+9.933775	186	210	0
3.520	+0.000000	+0.009412	-0.046882	+0.735698	+0.230681	+0.230681	+9.933775	+9.933775	186	211	0
3.530	+0.000000	+0.100392	-0.049226	+0.032942	+2.883506	+2.883506	-10.016556	-10.016556	186	212	0
3.540	+0.000000	+0.000000	-0.046882	-1.394532	+0.000000	+0.000000	+0.000000	+0.000000	187	212	0
3.550	+0.000000	+0.000000	-0.044538	+0.043922	+0.000000	+0.000000	+9.933775	+9.933775	188	210	0
3.560	+0.000000	+0.029804	-0.037506	+1.130998	+0.807382	+0.807382	+9.933775	+9.933775	190	210	0
3.570	+0.000000	+0.136471	-0.032818	-0.263534	+4.152249	+3.806228	-10.016556	-10.016556	192	209	0
3.580	+0.000000	+0.109804	-0.030474	-0.406281	+3.229527	+3.229527	-10.016556	-10.016556	193	209	0
3.590	+0.000000	-0.026667	-0.030474	-1.065115	-0.692042	-0.922722	-10.016556	-10.016556	194	210	0
3.600	+0.000000	-0.101961	-0.030474	-0.889426	-2.998847	-2.998847	+9.933775	+9.933775	196	211	0
3.610	+0.000000	-0.056471	-0.025785	+1.317668	-1.845444	-1.499423	+9.933775	+9.933775	196	210	0
3.620	+0.000000	+0.064314	-0.028129	-0.603931	+1.730104	+2.076125	-10.016556	-10.016556	196	210	0
3.630	+0.000000	+0.000000	-0.028129	-1.394532	+0.000000	+0.000000	+0.000000	+0.000000	196	210	0
3.640	+0.000000	-0.036078	-0.023441	+0.186670	-0.922722	-1.268743	+9.933775	+9.933775	198	210	0
3.650	+0.000000	+0.004706	-0.021097	+0.867465	+0.230681	+0.000000	+9.933775	+9.933775	200	210	0
3.660	+0.000000	+0.116078	-0.018753	+0.252553	+3.460208	+3.229527	-10.016556	-10.016556	201	211	0
3.670	+0.000000	+0.000000	-0.018753	-1.394532	+0.000000	+0.000000	+0.000000	+0.000000	203	212	0
3.680	+0.000000	+0.014118	-0.016409	-0.702756	+0.230681	+0.576701	-10.016556	-10.016556	205	213	0
3.690	+0.000000	-0.026667	-0.018753	-0.834523	-1.268743	-0.346021	-10.016556	-10.016556	206	215	0
3.700	+0.000000	-0.072157	-0.016409	+0.032942	-2.422145	-1.845444	+9.933775	+9.933775	207	216	0
3.710	+0.000000	-0.051765	-0.014065	+0.307456	-1.845444	-1.268743	+9.933775	+9.933775	208	214	0
3.720	+0.000000	+0.070588	-0.016409	-0.395300	+2.076125	+2.076125	-10.016556	-10.016556	206	214	0
3.730	+0.000000	+0.045490	-0.016409	+0.735698	+1.153403	+1.384083	+9.933775	+9.933775	207	215	0
3.740	+0.000000	+0.004706	-0.016409	-0.131767	-0.346021	+0.576701	-10.016556	-10.016556	208	216	0
3.750	+0.000000	+0.018824	-0.014065	-1.240804	+0.230681	+0.807382	-10.016556	-10.016556	210	217	0
3.760	+0.000000	-0.081569	-0.014065	-1.306687	-2.998847	-1.845444	-10.016556	-10.016556	211	218	0
3.770	+0.000000	-0.122353	-0.014065	-0.010981	-4.267589	-2.998847	+9.933775	+9.933775	211	218	0
3.780	+0.000000	-0.081569	-0.018753	+0.406281	-2.768166	-2.191465	+9.933775	+9.933775	208	218	0
3.790	+0.000000	+0.034510	-0.016409	+0.032942	+0.807382	+1.153403	-10.016556	-10.016556	208	216	0
3.800	+0.000000	+0.000000	-0.016409	+1.394532	+0.000000	+0.000000	+0.000000	+0.000000	209	216	0
3.810	+0.000000	-0.036078	-0.014065	+0.439223	-0.922722	-1.268743	+9.933775	+9.933775	210	218	0
3.820	+0.000000	+0.000000	-0.014065	-1.394532	+0.000000	+0.000000	+0.000000	+0.000000	212	218	0
3.830	+0.000000	+0.075294	-0.014065	-0.450203	+2.652826	+1.730104	-10.016556	-10.016556	212	220	0
3.840	+0.000000	+0.025098	-0.014065	-0.483145	+0.807382	+0.576701	-10.016556	-10.016556	213	219	0
3.850	+0.000000	-0.072157	-0.014065	-0.439223	-2.768166	-1.499423	+9.933775	+9.933775	213	220	0
3.860	+0.000000	-0.061176	-0.011721	+0.746678	-2.422145	-1.268743	+9.933775	+9.933775	213	219	0
3.870	+0.000000	+0.064314	-0.014065	-1.043154	+1.730104	+2.076125	-10.016556	-10.016556	212	218	0
3.880	+0.000000	+0.059608	-0.011721	+0.010981	+1.730104	+1.730104	+9.933775	+9.933775	212	218	0
3.890	+0.000000	+0.004706	-0.011721	+0.065883	+0.000000	+0.230681	+9.933775	+9.933775	213	219	0
3.900	+0.000000	+0.109804	-0.011721	+0.329417	+3.229527	+3.229527	+9.933775	+9.933775	214	220	0
3.910	+0.000000	+0.181961	-0.011721	-0.186670	+4.959631	+5.651672	-10.016556	-10.016556	215	220	0
3.920	+0.000000	+0.130196	-0.004688	-0.241572	+3.460208	+4.152249	-10.016556	-10.016556	220	222	0
3.930	+0.000000	+0.000000	-0.014065	-1.394532	+0.000000	+0.000000	+0.000000	+0.000000	218	225	0
3.940	+0.000000	-0.010980	-0.021097	-0.592950	+0.000000	-0.692042	-10.016556	-10.016556	216	227	0
3.950	+0.000000	-0.026667	-0.023441	-1.262765	-0.922722	-0.692042	-10.016556	-10.016556	215	227	0
3.960	+0.000000	-0.101961	-0.021097	-0.384320	-3.344867	-2.768166	+9.933775	+9.933775	215	226	0
3.970	+0.000000	-0.076863	-0.021097	+0.867465	-2.422145	-2.191465	+9.933775	+9.933775	214	225	0
3.980	+0.000000	+0.050196	-0.023441	-0.549028	+1.384083	+1.384083	-10.016556	-10.016556	212	224	0
3.990	+0.000000	+0.000000	-0.021097	-1.394532	+0.000000	+0.000000	+0.000000	+0.000000	214	224	0
4.000	+0.000000	-0.036078	-0.018753	-1.130998	-0.922722	-1.268743	-10.016556	-10.016556	215	225	0
4.010	+0.000000	+0.000000	-0.018753	-1.394532	+0.000000	+0.000000	+0.000000	+0.000000	216	226	0
4.020	+0.000000	-0.086275	-0.018753	-0.164708	-2.998847	-2.191465	-10.016556	-10.016556	217	226	0
4.030	+0.000000	-0.092549	-0.023441	-0.065883	-2.998847	-2.422145	+9.933775	+9.933775	214	226	0
4.040	+0.000000	-0.076863	-0.016409	-1.350609	-2.422145	-2.191465	-10.016556	-10.016556	215	224	0
4.050	+0.000000	+0.000000	-0.056259	-1.394532	+0.000000	+0.000000	+0.000000	+0.000000	194	224	0
4.060	+0.000000	-0.081569	-0.018753	+0.043922	-2.191465	-2.768166	+9.933775	+9.933775	214	224	0
4.070	+0.000000	-0.031373	-0.016409	-0.142747	-0.692042	-1.268743	-10.016556	-10.016556	214	222	0
4.080	+0.000000	+0.004706	-0.016409	-1.163940	+0.230681	+0.000000	-10.016556	-10.016556	213	222	0
4.090	+0.000000	-0.086275	-0.016409	-0.494125	-2.422145	-2.768166	+9.933775	+9.933775	213	221	0
4.100	+0.000000	-0.051765	-0.018753	-0.373339	-1.268743	-1.845444	+9.933775	+9.933775	211	220	0
4.110	+0.000000	+0.075294	-0.016409	-1.021192	+2.652826	+1.730104	-10.016556	-10.016556	211	218	0
4.120	+0.000000	+0.064314	-0.014065	+0.065883	+2.076125	+1.730104	+9.933775	+9.933775	210	217	0
4.130	+0.000000	+0.025098	-0.014065	+0.252553	+0.807382	+0.576701	+9.933775	+9.933775	209	216	0
4.140	+0.000000	+0.125490	-0.011721	+0.219611	+3.806228	+3.460208	-10.016556	-10.016556	209	215	0
4.150	+0.000000	+0.000000	-0.011721	-1.394532	+0.000000	+0.000000	+0.000000	+0.000000	210	215	0
4.160	+0.000000	+0.009412	-0.016409	-1.021192	+0.230681	+0.230681	-10.016556	-10.016556	210	218	0
4.170	+0.000000	-0.010980	-0.016409	-0.570989	-0.346021	-0.346021	+9.933775	+9.933775	209	218	0
4.180	+0.000000	+0.000000	-0.016409	-0.263534	+0.230681	-0.346021	+9.933775	+9.933775	208	216	0
4.190	+0.000000	+0.109804	-0.018753	+0.164708	+3.460208	+2.883506	+9.933775	+9.933775	207	216	0
4.200	+0.000000	+0.000000	-0.018753	-1.394532	+0.000000	+0.000000	+0.000000	+0.000000	206	215	0
4.210	+0.000000	+0.000000	-0.016409	-1.394532	+0.000000	+0.000000	+0.000000	+0.000000	207	215	0
4.220	+0.000000	+0.155294	-0.009376	+0.010981	+4.728950	+4.382930	+7.367550	+7.284768	212	216	0
4.230	+0.000000	+0.150588	-0.011721	+0.296475	+4.728950	+4.152249	+9.933775	+9.933775	213	219	0
4.240	+0.000000	+0.181961	-0.014065	-0.252553	+5.305652	+5.305652	-10.016556	-10.016556	214	221	0
4.250	+0.000000	+0.150588	-0.014065	-0.417261	+4.728950	+4.152249	-10.016556	-10.016556	217	225	0
4.260	+0.000000	+0.018824	-0.016409	-1.120018	+0.576701	+0.576701	-10.016556	-10.016556	220	229	0
4.270	+0.000000	-0.047059	-0.018753	-1.295707	-1.499423	-1.268743	-10.016556	-10.016556	221	230	0
4.280	+0.000000	-0.106667	-0.016409	-0.098825	-3.344867	-2.998847	+9.933775	+9.933775	220	228	0
4.290	+0.000000	-0.086275	-0.018753	-0.263534	-2.422145	-2.768166	-10.016556	-10.016556	218	227	0
4.300	+0.000000	-0.047059	-0.011721	-0.867465	-1.268743	-1.499423	-10.016556	-10.016556	218	224	0
4.310	+0.000000	-0.138039	-0.011721	-0.340397	-3.921569	-4.267589	+9.933775	+9.933775	217	222	0
4.320	+0.000000	-0.117647	-0.009376	-0.098825	-3.575548	-3.344867	+9.933775	+9.933775	218	222	0
4.330	+0.000000	+0.014118	-0.007032	-0.538048	+0.000000	+0.807382	-10.016556	-10.016556	218	221	0
4.340	+0.000000	+0.025098	-0.009376	+0.779620	+0.000000	+1.384083	+9.933775	+9.933775	217	221	0
4.350	+0.000000	+0.004706	-0.009376	-0.219611	-0.346021	+0.576701	-10.016556	-10.016556	217	222	0
4.360	+0.000000	+0.018824	-0.009376	-0.955309	+0.230681	+0.807382	-10.016556	-10.016556	218	223	0
4.370	+0.000000	-0.072157	-0.011721	-0.417261	-2.422145	-1.845444	+9.933775	+9.933775	218	224	0
4.380	+0.000000	-0.056471	-0.011721	+0.538048	-2.191465	-1.268743	+9.933775	+9.933775	218	224	0
4.390	+0.000000	+0.070588	-0.009376	-0.439223	+1.730104	+2.306805	-10.016556	-10.016556	217	222	0
4.400	+0.000000	+0.000000	-0.011721	-1.394532	+0.000000	+0.000000	+0.000000	+0.000000	216	222	0
4.410	+0.000000	-0.026667	-0.014065	-0.560009	-1.268743	-0.346021	-10.016556	-10.016556	216	223	0
4.420	+0.000000	-0.056471	-0.014065	+0.669814	-2.191465	-1.268743	+9.933775	+9.933775	218	224	0
4.430	+0.000000	-0.040784	-0.014065	+0.142747	-1.845444	-0.692042	-10.016556	-10.016556	217	225	0
4.440	+0.000000	+0.004706	-0.014065	-1.120018	-0.346021	+0.576701	-10.016556	-10.016556	217	224	0
4.450	+0.000000	+0.000000	-0.011721	-1.394532	+0.000000	+0.000000	+0.000000	+0.000000	218	223	0
4.460	+0.000000	-0.106667	-0.014065	+0.197650	-3.921569	-2.422145	+9.933775	+9.933775	215	222	0
4.470	+0.000000	-0.040784	-0.011721	-0.318436	-1.845444	-0.692042	-10.016556	-10.016556	213	218	0
4.480	+0.000000	-0.020392	-0.014065	-0.592950	-0.922722	-0.346021	-10.016556	-10.016556	211	217	0
4.490	+0.000000	-0.111373	-0.014065	+0.219611	-3.575548	-2.998847	+9.933775	+9.933775	209	216	0
4.500	+0.000000	-0.106667	-0.014065	-0.109806	-3.575548	-2.768166	-10.016556	-10.016556	209	216	0
4.510	+0.000000	-0.051765	-0.014065	-1.065115	-1.845444	-1.268743	-10.016556	-10.016556	209	215	0
4.520	+0.000000	-0.127059	-0.014065	-0.955309	-4.498270	-2.998847	+9.933775	+9.933775	208	215	0
4.530	+0.000000	-0.097255	-0.014065	+0.351378	-3.575548	-2.191465	+9.933775	+9.933775	206	214	0
4.540	+0.000000	+0.029804	-0.016409	-1.152959	+0.230681	+1.384083	-10.016556	-10.016556	204	213	0
4.550	+0.000000	+0.000000	-0.016409	-1.394532	+0.000000	+0.000000	+0.000000	+0.000000	204	212	0
4.560	+0.000000	-0.040784	-0.016409	+0.285495	-1.499423	-0.922722	+9.933775	+9.933775	204	212	0
4.570	+0.000000	+0.014118	-0.018753	+1.218843	+0.000000	+0.807382	+9.933775	+9.933775	203	212	0
4.580	+0.000000	+0.109804	-0.018753	-0.790601	+3.229527	+3.229527	-10.016556	-10.016556	202	211	0
4.590	+0.000000	+0.100392	-0.016409	-0.241572	+2.883506	+2.883506	+9.933775	+9.933775	202	211	0
4.600	+0.000000	+0.054902	-0.018753	+0.175689	+1.730104	+1.384083	+9.933775	+9.933775	202	211	0
4.610	+0.000000	+0.130196	-0.018753	-0.230592	+3.806228	+3.806228	-10.016556	-10.016556	202	212	0
4.620	+0.000000	+0.109804	-0.018753	-0.373339	+2.883506	+3.460208	-10.016556	-10.016556	204	213	0
4.630	+0.000000	+0.000000	-0.014065	-1.394532	+0.000000	+0.000000	+0.000000	+0.000000	207	214	0
4.640	+0.000000	-0.047059	-0.016409	-0.153728	-1.268743	-1.499423	-10.016556	-10.016556	206	215	0
4.650	+0.000000	-0.051765	-0.018753	-1.098056	-1.268743	-1.845444	-10.016556	-10.016556	205	215	0
4.660	+0.000000	-0.122353	-0.021097	-0.208631	-3.575548	-3.575548	+9.933775	+9.933775	203	213	0
4.670	+0.000000	-0.097255	-0.025785	+0.900406	-2.998847	-2.768166	+9.933775	+9.933775	199	212	0
4.680	+0.000000	+0.025098	-0.025785	-0.680795	+0.807382	+0.576701	-10.016556	-10.016556	196	210	0
4.690	+0.000000	+0.000000	-0.028129	-1.394532	+0.000000	+0.000000	+0.000000	+0.000000	195	210	0
4.700	+0.000000	-0.056471	-0.028129	-0.691776	-1.499423	-1.845444	-10.016556	-10.016556	195	210	0
4.710	+0.000000	-0.086275	-0.028129	+0.318436	-2.422145	-2.768166	+9.933775	+9.933775	195	210	0
4.720	+0.000000	-0.051765	-0.025785	-0.175689	-1.268743	-1.845444	-10.016556	-10.016556	196	209	0
4.730	+0.000000	-0.020392	-0.025785	-0.581970	-0.692042	-0.692042	-10.016556	-10.016556	196	209	0
4.740	+0.000000	-0.117647	-0.028129	-0.307456	-3.344867	-3.575548	+9.933775	+9.933775	195	210	0
4.750	+0.000000	-0.097255	-0.030474	-0.988251	-2.998847	-2.768166	-10.016556	-10.016556	194	210	0
4.760	+0.000000	-0.051765	-0.037506	-0.647853	-1.499423	-1.499423	+9.933775	+9.933775	191	210	0
4.770	+0.000000	-0.047059	-0.035162	+0.878445	-1.268743	-1.499423	+9.933775	+9.933775	192	210	0
4.780	+0.000000	+0.059608	-0.037506	+0.087845	+1.384083	+2.076125	-10.016556	-10.016556	191	210	0
4.790	+0.000000	+0.064314	-0.037506	+0.549028	+2.076125	+1.730104	+9.933775	+9.933775	191	210	0
4.800	+0.000000	+0.025098	-0.035162	-0.274514	+0.576701	+0.807382	-10.016556	-10.016556	191	210	0
4.810	+0.000000	+0.045490	-0.035162	-0.307456	+1.384083	+1.153403	-10.016556	-10.016556	191	209	0
4.820	+0.000000	-0.072157	-0.035162	-0.274514	-2.191465	-2.191465	+9.933775	+9.933775	191	209	0
4.830	+0.000000	-0.065882	-0.037506	+0.570989	-2.191465	-1.845444	+9.933775	+9.933775	190	209	0
4.840	+0.000000	+0.075294	-0.042194	+0.010981	+1.730104	+2.652826	-10.016556	-10.016556	189	211	0
4.850	+0.000000	+0.064314	-0.039850	+0.636873	+1.730104	+2.076125	+9.933775	+9.933775	189	209	0
4.860	+0.000000	+0.034510	-0.037506	-0.208631	+1.153403	+0.807382	-10.016556	-10.016556	189	209	0
4.870	+0.000000	+0.034510	-0.037506	-1.010212	+1.153403	+0.807382	-10.016556	-10.016556	189	208	0
4.880	+0.000000	-0.061176	-0.037506	+0.010981	-1.499423	-2.191465	+9.933775	+9.933775	188	207	0
4.890	+0.000000	+0.000000	-0.035162	+1.394532	+0.000000	+0.000000	+0.000000	+0.000000	189	208	0
4.900	+0.000000	+0.029804	-0.037506	-0.746678	+0.807382	+0.807382	-10.016556	-10.016556	188	207	0
4.910	+0.000000	-0.015686	-0.035162	-0.362359	-0.346021	-0.692042	+9.933775	+9.933775	188	207	0
4.920	+0.000000	-0.020392	-0.035162	+0.823542	-0.692042	-0.692042	+9.933775	+9.933775	190	208	0
4.930	+0.000000	+0.095686	-0.035162	+0.581970	+2.883506	+2.652826	-10.016556	-10.016556	190	208	0
4.940	+0.000000	+0.000000	-0.035162	-1.394532	+0.000000	+0.000000	+0.000000	+0.000000	189	207	0
4.950	+0.000000	-0.026667	-0.035162	-0.175689	-0.922722	-0.692042	-10.016556	-10.016556	189	208	0
4.960	+0.000000	-0.051765	-0.037506	+0.505106	-1.845444	-1.268743	+9.933775	+9.933775	190	209	0
4.970	+0.000000	-0.010980	-0.035162	+1.185901	-0.346021	-0.346021	+9.933775	+9.933775	191	208	0
4.980	+0.000000	+0.105098	-0.028129	+0.131767	+3.229527	+2.883506	-10.016556	-10.016556	193	208	0
4.990	+0.000000	+0.000000	-0.032818	-1.394532	+0.000000	+0.000000	+0.000000	+0.000000	191	208	0
5.000	+0.000000	-0.026667	-0.032818	-1.130998	-0.922722	-0.692042	-10.016556	-10.016556	192	208	0
5.010	+0.000000	-0.047059	-0.030474	-0.032942	-1.499423	-1.268743	+9.933775	+9.933775	194	210	0
5.020	+0.000000	-0.020392	-0.028129	+0.175689	-0.922722	-0.346021	+9.933775	+9.933775	194	209	0
5.030	+0.000000	+0.090980	-0.025785	-0.768640	+2.652826	+2.652826	-10.016556	-10.016556	195	208	0
5.040	+0.000000	+0.000000	-0.025785	-1.394532	+0.000000	+0.000000	+0.000000	+0.000000	194	208	0
5.050	+0.000000	-0.020392	-0.028129	-0.087845	-0.692042	-0.692042	-10.016556	-10.016556	195	208	0
5.060	+0.000000	-0.056471	-0.025785	+0.570989	-1.845444	-1.499423	+9.933775	+9.933775	196	210	0
5.070	+0.000000	-0.020392	-0.025785	-0.252553	-0.692042	-0.692042	-10.016556	-10.016556	196	209	0
5.080	+0.000000	+0.014118	-0.021097	-0.581970	+0.576701	+0.230681	-10.016556	-10.016556	198	209	0
5.090	+0.000000	-0.097255	-0.018753	-0.208631	-2.998847	-2.768166	+9.933775	+9.933775	199	208	0
5.100	+0.000000	-0.086275	-0.021097	-0.153728	-2.422145	-2.768166	+9.933775	+9.933775	198	209	0
5.110	+0.000000	+0.045490	-0.023441	-0.373339	+1.153403	+1.384083	-10.016556	-10.016556	198	209	0
5.120	+0.000000	+0.050196	-0.018753	-0.461184	+1.384083	+1.384083	-10.016556	-10.016556	199	209	0
5.130	+0.000000	-0.076863	-0.021097	-0.428242	-2.191465	-2.422145	+9.933775	+9.933775	199	209	0
5.140	+0.000000	-0.061176	-0.021097	+0.549028	-1.499423	-2.191465	+9.933775	+9.933775	198	209	0
5.150	+0.000000	+0.070588	-0.023441	+0.000000	+2.306805	+1.730104	-10.016556	-10.016556	197	209	0
5.160	+0.000000	+0.070588	-0.023441	-1.218843	+2.306805	+1.730104	-10.016556	-10.016556	198	209	0
5.170	+0.000000	-0.056471	-0.023441	+0.263534	-1.845444	-1.499423	+9.933775	+9.933775	198	209	0
5.180	+0.000000	+0.000000	-0.021097	+1.394532	+0.000000	+0.000000	+0.000000	+0.000000	197	208	0
5.190	+0.000000	+0.014118	-0.021097	-0.812562	+0.576701	+0.230681	-10.016556	-10.016556	197	209	0
5.200	+0.000000	-0.020392	-0.023441	-0.834523	-0.346021	-0.922722	-5.463576	-5.463576	197	209	0
5.210	+0.000000	-0.065882	-0.023441	-0.549028	-2.191465	-1.845444	+9.933775	+9.933775	197	209	0
5.220	+0.000000	-0.015686	-0.023441	+0.043922	-0.692042	-0.346021	+9.933775	+9.933775	196	209	0
5.230	+0.000000	+0.084706	-0.028129	-0.878445	+2.306805	+2.652826	-10.016556	-10.016556	195	209	0
5.240	+0.000000	+0.000000	-0.028129	-1.394532	+0.000000	+0.000000	+0.000000	+0.000000	194	209	0
5.250	+0.000000	-0.026667	-0.025785	-1.317668	-0.922722	-0.692042	-10.016556	-10.016556	194	208	0
5.260	+0.000000	-0.040784	-0.028129	+1.295707	-1.268743	-1.268743	+9.933775	+9.933775	193	208	0
5.270	+0.000000	+0.000000	-0.028129	+1.394532	+0.000000	+0.000000	+0.000000	+0.000000	193	207	0
5.280	+0.000000	+0.064314	-0.030474	-0.856484	+2.076125	+1.730104	-10.016556	-10.016556	192	208	0
5.290	+0.000000	+0.000000	-0.032818	-1.394532	+0.000000	+0.000000	+0.000000	+0.000000	192	209	0
5.300	+0.000000	-0.072157	-0.032818	-0.395300	-2.191465	-2.191465	-10.016556	-10.016556	191	208	0
5.310	+0.000000	-0.097255	-0.032818	+0.900406	-2.998847	-2.768166	+9.933775	+9.933775	191	208	0
5.320	+0.000000	-0.061176	-0.032818	-0.021961	-1.845444	-1.845444	-10.016556	-10.016556	191	208	0
5.330	+0.000000	-0.020392	-0.037506	-0.911387	-0.346021	-0.922722	-10.016556	-10.016556	190	209	0
5.340	+0.000000	-0.122353	-0.039850	-0.823542	-3.575548	-3.575548	+9.933775	+9.933775	190	210	0
5.350	+0.000000	-0.106667	-0.042194	-0.461184	-2.998847	-3.344867	+9.933775	+9.933775	188	210	0
5.360	+0.000000	+0.034510	-0.044538	-0.428242	+1.153403	+0.807382	+9.933775	+9.933775	188	211	0
5.370	+0.000000	+0.116078	-0.044538	-0.076864	+3.806228	+2.883506	+9.933775	+9.933775	187	210	0
5.380	+0.000000	+0.161569	-0.044538	-0.109806	+5.305652	+4.152249	-10.016556	-10.016556	188	211	0
5.390	+0.000000	+0.116078	-0.042194	+0.494125	+3.460208	+3.229527	+9.933775	+9.933775	187	208	0
5.400	+0.000000	+0.059608	-0.044538	-0.153728	+1.730104	+1.730104	-10.016556	-10.016556	186	209	0
5.410	+0.000000	+0.070588	-0.039850	-0.362359	+2.076125	+2.076125	-10.016556	-10.016556	190	210	0
5.420	+0.000000	-0.031373	-0.039850	-0.900406	-0.692042	-1.268743	-10.016556	-10.016556	190	210	0
5.430	+0.000000	-0.106667	-0.044538	-0.746678	-2.998847	-3.344867	+9.933775	+9.933775	186	209	0
5.440	+0.000000	-0.086275	-0.046882	+0.428242	-2.422145	-2.768166	+9.933775	+9.933775	184	208	0
5.450	+0.000000	+0.029804	-0.044538	-0.219611	+1.153403	+0.576701	-10.016556	-10.016556	186	209	0
5.460	+0.000000	+0.004706	-0.046882	-1.251784	+0.230681	+0.000000	-10.016556	-10.016556	186	210	0
5.470	+0.000000	-0.106667	-0.046882	-0.603931	-2.998847	-3.344867	+9.933775	+9.933775	185	210	0
5.480	+0.000000	-0.081569	-0.044538	+0.922367	-2.422145	-2.422145	+9.933775	+9.933775	186	209	0
5.490	+0.000000	+0.045490	-0.044538	+0.603931	+1.384083	+1.153403	-10.016556	-10.016556	186	210	0
5.500	+0.000000	+0.000000	-0.046882	+1.394532	+0.000000	+0.000000	+0.000000	+0.000000	187	211	0
5.510	+0.000000	-0.031373	-0.046882	+0.768640	-0.922722	-0.922722	+9.933775	+9.933775	186	211	0
5.520	+0.000000	+0.009412	-0.046882	-0.131767	+0.230681	+0.230681	-10.016556	-10.016556	186	211	0
5.530	+0.000000	+0.025098	-0.046882	+0.186670	+0.576701	+0.807382	+9.933775	+9.933775	186	210	0
5.540	+0.000000	+0.004706	-0.046882	-0.010981	-0.346021	+0.576701	-10.016556	-10.016556	185	210	0
5.550	+0.000000	+0.009412	-0.046882	+0.208631	+0.000000	+0.576701	+9.933775	+9.933775	185	209	0
5.560	+0.000000	-0.020392	-0.046882	+0.538048	-0.692042	-0.692042	+9.933775	+9.933775	184	209	0
5.570	+0.000000	+0.090980	-0.046882	-0.164708	+2.652826	+2.652826	-10.016556	-10.016556	184	209	0
5.580	+0.000000	+0.070588	-0.046882	+0.461184	+2.076125	+2.076125	+9.933775	+9.933775	184	208	0
5.590	+0.000000	+0.029804	-0.049226	+1.229823	+0.807382	+0.807382	+9.933775	+9.933775	183	208	0
5.600	+0.000000	+0.120784	-0.046882	+0.219611	+3.229527	+3.806228	-10.016556	-10.016556	183	207	0
5.610	+0.000000	+0.090980	-0.046882	-0.428242	+2.306805	+2.883506	-10.016556	-10.016556	185	210	0
5.620	+0.000000	+0.000000	-0.042194	-1.394532	+0.000000	+0.000000	+0.000000	+0.000000	188	210	0
5.630	+0.000000	+0.000000	-0.044538	-1.394532	+0.000000	+0.000000	+0.000000	+0.000000	188	211	0
5.640	+0.000000	-0.036078	-0.046882	+0.691776	-0.922722	-1.268743	+9.933775	+9.933775	187	211	0
5.650	+0.000000	+0.018824	-0.049226	+0.900406	+0.576701	+0.576701	+9.933775	+9.933775	184	210	0
5.660	+0.000000	+0.000000	-0.051571	+1.394532	+0.000000	+0.000000	+0.000000	+0.000000	183	209	0
5.670	+0.000000	+0.090980	-0.046882	+0.988251	+2.652826	+2.652826	+9.933775	+9.933775	186	211	0
5.680	+0.000000	+0.116078	-0.037506	+0.197650	+3.229527	+3.460208	-10.016556	-10.016556	191	211	0
5.690	+0.000000	+0.105098	-0.032818	-0.087845	+3.229527	+2.883506	-10.016556	-10.016556	193	210	0
5.700	+0.000000	-0.015686	-0.035162	+0.384320	-0.692042	-0.346021	+9.933775	+9.933775	193	211	0
5.710	+0.000000	+0.000000	-0.032818	-1.394532	+0.000000	+0.000000	+0.000000	+0.000000	195	211	0
5.720	+0.000000	+0.059608	-0.032818	-1.273745	+1.384083	+2.076125	-10.016556	-10.016556	195	211	0
5.730	+0.000000	+0.018824	-0.030474	+0.483145	+0.230681	+0.807382	+9.933775	+9.933775	196	211	0
5.740	+0.000000	-0.006275	-0.028129	+0.153728	+0.000000	-0.346021	-10.016556	-10.016556	196	211	0
5.750	+0.000000	+0.009412	-0.028129	-0.208631	+0.576701	+0.000000	-10.016556	-10.016556	197	211	0
5.760	+0.000000	-0.086275	-0.025785	-0.527067	-2.422145	-2.768166	-10.016556	-10.016556	198	211	0
5.770	+0.000000	-0.156863	-0.023441	-1.383551	-4.844291	-4.498270	-10.016556	-10.016556	198	211	0
5.780	+0.000000	-0.167843	-0.025785	-0.461184	-5.074971	-4.844291	+9.933775	+9.933775	197	210	0
5.790	+0.000000	-0.127059	-0.035162	-0.076864	-3.575548	-3.921569	+9.933775	+9.933775	190	208	0
5.800	+0.000000	+0.004706	-0.042194	+0.505106	+0.000000	+0.230681	+9.933775	+9.933775	187	208	0
5.810	+0.000000	+0.000000	-0.042194	+1.394532	+0.000000	+0.000000	+0.000000	+0.000000	187	209	0
5.820	+0.000000	+0.090980	-0.039850	+0.032942	+2.652826	+2.652826	+9.933775	+9.933775	187	208	0
5.830	+0.000000	+0.109804	-0.037506	-1.251784	+2.883506	+3.460208	-10.016556	-10.016556	188	208	0
5.840	+0.000000	+0.090980	-0.037506	-0.614912	+2.306805	+2.883506	+9.933775	+9.933775	191	210	0
5.850	+0.000000	+0.050196	-0.028129	-0.549028	+1.153403	+1.730104	+9.933775	+9.933775	195	210	0
5.860	+0.000000	+0.145882	-0.023441	+0.713737	+3.806228	+4.728950	+9.933775	+9.933775	198	211	0
5.870	+0.000000	+0.200784	-0.023441	-0.186670	+5.651672	+6.228374	-10.016556	-10.016556	199	212	0
5.880	+0.000000	+0.000000	-0.023441	-1.394532	+0.000000	+0.000000	+0.000000	+0.000000	201	213	0
5.890	+0.000000	+0.064314	-0.023441	-0.362359	+1.730104	+2.076125	-10.016556	-10.016556	203	215	0
5.900	+0.000000	+0.014118	-0.021097	-0.823542	+0.230681	+0.576701	-10.016556	-10.016556	206	217	0
5.910	+0.000000	-0.047059	-0.023441	-1.196882	-1.268743	-1.499423	-10.016556	-10.016556	206	217	0
5.920	+0.000000	-0.111373	-0.023441	-0.098825	-3.344867	-3.344867	+9.933775	+9.933775	205	216	0
5.930	+0.000000	-0.097255	-0.023441	-0.494125	-2.768166	-2.998847	-10.016556	-10.016556	203	215	0
5.940	+0.000000	-0.051765	-0.021097	-0.581970	-1.268743	-1.845444	-10.016556	-10.016556	203	213	0
5.950	+0.000000	-0.131765	-0.018753	-0.944329	-3.921569	-3.921569	-10.016556	-10.016556	202	212	0
5.960	+0.000000	+0.200784	-0.023441	-0.197650	-5.997693	-5.997693	+9.933775	+9.933775	199	212	0
5.970	+0.000000	-0.152157	-0.028129	-0.142747	-5.074971	-3.921569	+9.933775	+9.933775	196	211	0
5.980	+0.000000	+0.000000	-0.030474	-1.394532	+0.000000	+0.000000	+0.000000	+0.000000	193	209	0
5.990	+0.000000	+0.000000	-0.030474	-1.394532	+0.000000	+0.000000	+0.000000	+0.000000	192	208	0
6.000	+0.000000	+0.000000	-0.032818	-0.417261	+0.000000	+0.000000	-10.016556	-10.016556	191	208	0
6.010	+0.000000	-0.040784	-0.032818	+0.527067	-1.268743	-1.268743	+9.933775	+9.933775	192	208	0
6.020	+0.000000	-0.036078	-0.032818	-0.560009	-1.268743	-0.922722	-10.016556	-10.016556	192	209	0
6.030	+0.000000	+0.000000	-0.032818	+0.109806	-0.346021	+0.230681	+9.933775	+9.933775	192	208	0
6.040	+0.000000	-0.020392	-0.032818	-0.131767	-0.692042	-0.692042	-10.016556	-10.016556	192	208	0
6.050	+0.000000	+0.009412	-0.035162	-0.197650	+0.230681	+0.230681	-10.016556	-10.016556	191	208	0
6.060	+0.000000	-0.092549	-0.035162	-0.098825	-2.422145	-2.998847	+9.933775	+9.933775	190	208	0
6.070	+0.000000	-0.061176	-0.035162	+0.252553	-1.845444	-1.845444	+9.933775	+9.933775	190	208	0
6.080	+0.000000	+0.064314	-0.035162	-1.076095	+1.730104	+2.076125	-10.016556	-10.016556	190	208	0
6.090	+0.000000	+0.000000	-0.037506	-1.394532	+0.000000	+0.000000	+0.000000	+0.000000	189	208	0
6.100	+0.000000	-0.040784	-0.037506	+0.889426	-1.499423	-0.922722	+9.933775	+9.933775	189	208	0
6.110	+0.000000	+0.000000	-0.037506	+1.394532	+0.000000	+0.000000	+0.000000	+0.000000	188	208	0
6.120	+0.000000	+0.070588	-0.039850	-0.274514	+1.730104	+2.306805	-10.016556	-10.016556	187	208	0
6.130	+0.000000	+0.025098	-0.039850	-0.867465	+0.230681	+1.153403	-10.016556	-10.016556	187	208	0
6.140	+0.000000	-0.081569	-0.042194	+0.461184	-2.768166	-2.191465	+9.933775	+9.933775	187	209	0
6.150	+0.000000	-0.056471	-0.039850	-1.295707	-1.499423	-1.845444	-10.016556	-10.016556	187	208	0
6.160	+0.000000	-0.020392	-0.037506	+0.461184	-0.922722	-0.346021	+9.933775	+9.933775	189	208	0
6.170	+0.000000	-0.031373	-0.037506	+0.274514	-0.922722	-0.922722	-10.016556	-10.016556	188	208	0
6.180	+0.000000	-0.020392	-0.039850	+0.636873	-0.692042	-0.692042	+9.933775	+9.933775	188	209	0
6.190	+0.000000	-0.031373	-0.042194	-1.174920	-0.922722	-0.922722	-10.016556	-10.016556	187	209	0
6.200	+0.000000	+0.000000	-0.044538	+0.087845	+0.000000	+0.000000	+9.933775	+9.933775	186	209	0
6.210	+0.000000	-0.026667	-0.042194	+0.560009	-0.346021	-1.268743	+9.933775	+9.933775	186	208	0
6.220	+0.000000	+0.084706	-0.044538	+0.362359	+2.883506	+2.076125	-10.016556	-10.016556	185	208	0
6.230	+0.000000	+0.075294	-0.044538	+0.351378	+2.652826	+1.730104	-4.635762	-4.635762	185	208	0
6.240	+0.000000	-0.015686	-0.044538	+0.944329	+0.000000	-0.922722	+9.933775	+9.933775	184	208	0
6.250	+0.000000	+0.014118	-0.049226	+0.109806	+0.807382	+0.000000	-10.016556	-10.016556	184	209	0
6.260	+0.000000	+0.025098	-0.049226	-1.240804	+1.153403	+0.230681	-10.016556	-10.016556	184	210	0
6.270	+0.000000	+0.000000	-0.051571	-1.394532	+0.000000	+0.000000	+0.000000	+0.000000	183	210	0
6.280	+0.000000	-0.097255	-0.046882	+0.988251	-2.998847	-2.768166	+9.933775	+9.933775	184	209	0
6.290	+0.000000	-0.047059	-0.046882	+0.285495	-1.268743	-1.499423	-10.016556	-10.016556	184	208	0
6.300	+0.000000	+0.000000	-0.049226	+1.394532	+0.000000	+0.000000	+0.000000	+0.000000	184	210	0
6.310	+0.000000	-0.081569	-0.051571	-0.340397	-2.191465	-2.768166	-10.016556	-10.016556	184	211	0
6.320	+0.000000	-0.106667	-0.051571	-0.878445	-2.998847	-3.344867	-10.016556	-10.016556	184	211	0
6.330	+0.000000	-0.167843	-0.053915	-0.746678	-4.844291	-5.074971	+9.933775	+9.933775	183	211	0
6.340	+0.000000	-0.111373	-0.058603	-0.900406	-2.998847	-3.575548	-10.016556	-10.016556	181	212	0
6.350	+0.000000	-0.065882	-0.049226	-1.361590	-1.845444	-2.191465	-10.016556	-10.016556	186	211	0
6.360	+0.000000	-0.131765	-0.049226	-0.131767	-3.575548	-4.267589	+9.933775	+9.933775	185	210	0
6.370	+0.000000	-0.101961	-0.046882	-0.757659	-2.191465	-3.921569	-10.016556	-10.016556	186	210	0
6.380	+0.000000	-0.061176	-0.049226	+0.296475	-0.922722	-2.768166	+9.933775	+9.933775	186	212	0
6.390	+0.000000	-0.047059	-0.053915	+1.229823	-0.692042	-2.191465	+9.933775	+9.933775	185	213	0
6.400	+0.000000	+0.000000	-0.058603	+1.394532	+0.000000	+0.000000	+0.000000	+0.000000	185	215	0
6.410	+0.000000	+0.090980	-0.049226	-1.196882	+3.460208	+1.730104	-10.016556	-10.016556	188	213	0
6.420	+0.000000	+0.014118	-0.046882	+0.516087	+0.807382	+0.000000	+9.933775	+9.933775	190	213	0
6.430	+0.000000	-0.010980	-0.053915	+0.021961	+0.230681	-0.922722	-10.016556	-10.016556	188	216	0
6.440	+0.000000	+0.018824	-0.060947	+0.065883	+0.807382	+0.230681	+9.933775	+9.933775	187	219	0
6.450	+0.000000	+0.009412	-0.060947	+0.845503	+0.576701	+0.000000	+9.933775	+9.933775	188	220	0
6.460	+0.000000	+0.105098	-0.053915	+0.461184	+3.460208	+2.652826	-10.016556	-10.016556	192	220	0
6.470	+0.000000	+0.000000	-0.060947	-1.394532	+0.000000	+0.000000	+0.000000	+0.000000	190	222	0
6.480	+0.000000	-0.015686	-0.067979	+0.000000	-0.692042	-0.346021	+1.572848	+1.572848	190	225	0
6.490	+0.000000	-0.020392	-0.070323	+1.087076	-0.692042	-0.692042	+9.933775	+9.933775	189	226	0
6.500	+0.000000	+0.029804	-0.067979	+0.757659	+0.807382	+0.807382	-10.016556	-10.016556	192	228	0
6.510	+0.000000	+0.045490	-0.067979	+1.185901	+1.384083	+1.153403	+9.933775	+9.933775	193	229	0
6.520	+0.000000	+0.009412	-0.070323	+0.461184	+0.576701	+0.000000	-10.016556	-10.016556	195	232	0
6.530	+0.000000	+0.009412	-0.070323	-0.614912	+0.576701	+0.000000	-10.016556	-10.016556	196	232	0
6.540	+0.000000	-0.101961	-0.072668	+0.362359	-2.998847	-2.998847	+9.933775	+9.933775	194	232	0
6.550	+0.000000	-0.086275	-0.070323	+0.230592	-2.422145	-2.768166	-10.016556	-10.016556	196	234	0
6.560	+0.000000	-0.036078	-0.072668	-0.296475	-0.922722	-1.268743	-10.016556	-10.016556	200	238	0
6.570	+0.000000	-0.122353	-0.067979	+0.131767	-3.575548	-3.575548	+9.933775	+9.933775	205	241	0
6.580	+0.000000	-0.111373	-0.058603	+1.087076	-2.998847	-3.575548	+9.933775	+9.933775	210	241	0
6.590	+0.000000	+0.034510	-0.051571	+0.373339	+1.153403	+0.807382	-10.016556	-10.016556	218	244	0
6.600	+0.000000	+0.000000	-0.056259	-1.394532	+0.000000	+0.000000	+0.000000	+0.000000	217	246	0
6.610	+0.000000	-0.047059	-0.056259	+0.065883	-1.499423	-1.268743	+9.933775	+9.933775	217	247	0
6.620	+0.000000	+0.004706	-0.056259	+1.372571	+0.000000	+0.230681	+9.933775	+9.933775	217	247	0
6.630	+0.000000	+0.105098	-0.056259	+1.021192	+3.229527	+2.883506	-10.016556	-10.016556	218	248	0
6.640	+0.000000	+0.054902	-0.063291	-0.494125	+1.384083	+1.730104	-10.016556	-10.016556	215	248	0
6.650	+0.000000	-0.072157	-0.067979	+0.098825	-2.422145	-1.845444	+9.933775	+9.933775	212	248	0
6.660	+0.000000	+0.000000	-0.077356	+1.394532	+0.000000	+0.000000	+0.000000	+0.000000	209	249	0
6.670	+0.000000	+0.029804	-0.072668	-0.274514	+0.576701	+1.153403	-10.016556	-10.016556	210	249	0
6.680	+0.000000	-0.015686	-0.065635	+0.889426	-0.692042	-0.346021	+9.933775	+9.933775	214	248	0
6.690	+0.000000	-0.020392	-0.065635	+1.240804	-0.692042	-0.692042	+9.933775	+9.933775	214	248	0
6.700	+0.000000	+0.090980	-0.063291	+0.900406	+2.652826	+2.652826	-10.016556	-10.016556	215	248	0
6.710	+0.000000	+0.050196	-0.067979	-1.229823	+1.730104	+1.153403	-10.016556	-10.016556	211	248	0
6.720	+0.000000	-0.081569	-0.077356	+0.527067	-2.768166	-2.191465	+9.933775	+9.933775	207	248	0
6.730	+0.000000	+0.000000	-0.075012	+1.394532	+0.000000	+0.000000	+0.000000	+0.000000	207	246	0
6.740	+0.000000	+0.018824	-0.072668	+0.483145	+0.576701	+0.576701	+9.933775	+9.933775	207	245	0
6.750	+0.000000	+0.050196	-0.072668	+0.076864	+1.384083	+1.384083	-10.016556	-10.016556	207	245	0
6.760	+0.000000	+0.054902	-0.070323	+1.185901	+1.730104	+1.384083	+9.933775	+9.933775	208	245	0
6.770	+0.000000	+0.009412	-0.072668	+0.373339	+0.576701	+0.000000	-10.016556	-10.016556	206	244	0
6.780	+0.000000	+0.018824	-0.075012	-0.109806	+0.576701	+0.576701	-10.016556	-10.016556	203	242	0
6.790	+0.000000	-0.092549	-0.075012	-0.274514	-2.768166	-2.768166	-10.016556	-10.016556	199	239	0
6.800	+0.000000	+0.000000	-0.075012	+1.394532	+0.000000	+0.000000	+0.000000	+0.000000	198	237	0
6.810	+0.000000	-0.147451	-0.072668	+1.273745	-3.921569	-4.844291	+9.933775	+9.933775	201	239	0
6.820	+0.000000	-0.086275	-0.053915	+1.284726	-2.422145	-2.768166	+4.056291	+4.056291	208	235	0
6.830	+0.000000	+0.000000	-0.056259	+0.922367	+0.000000	+0.000000	-10.016556	-10.016556	210	239	0
6.840	+0.000000	+0.000000	-0.063291	+1.394532	+0.000000	+0.000000	+0.000000	+0.000000	207	240	0
6.850	+0.000000	-0.101961	-0.072668	+1.141979	-2.998847	-2.998847	+9.933775	+9.933775	203	241	0
6.860	+0.000000	-0.051765	-0.072668	+0.065883	-1.499423	-1.499423	-10.016556	-10.016556	202	240	0
6.870	+0.000000	-0.020392	-0.075012	+0.296475	-0.692042	-0.692042	+9.933775	+9.933775	201	240	0
6.880	+0.000000	-0.026667	-0.075012	+0.581970	-1.268743	-0.346021	+9.933775	+9.933775	201	240	0
6.890	+0.000000	+0.075294	-0.075012	+0.285495	+1.730104	+2.652826	-10.016556	-10.016556	202	241	0
6.900	+0.000000	+0.054902	-0.082044	+0.065883	+1.153403	+2.076125	-10.016556	-10.016556	196	238	0
6.910	+0.000000	-0.065882	-0.082044	-0.307456	-1.845444	-2.191465	-10.016556	-10.016556	193	236	0
6.920	+0.000000	-0.131765	-0.070323	+0.713737	-3.921569	-3.921569	+9.933775	+9.933775	196	233	0
6.930	+0.000000	+0.000000	-0.079700	+1.394532	+0.000000	+0.000000	+0.000000	+0.000000	192	234	0
6.940	+0.000000	-0.010980	-0.082044	+0.098825	-0.346021	-0.346021	+9.933775	+9.933775	194	237	0
6.950	+0.000000	+0.029804	-0.077356	-0.450203	+0.807382	+0.807382	-10.016556	-10.016556	196	237	0
6.960	+0.000000	+0.018824	-0.086732	-0.472164	+0.807382	+0.230681	-6.953642	-6.953642	192	238	0
6.970	+0.000000	-0.061176	-0.086732	-0.252553	-1.499423	-2.191465	+9.933775	+9.933775	190	236	0
6.980	+0.000000	-0.020392	-0.084388	+0.768640	-0.346021	-0.922722	+9.933775	+9.933775	191	235	0
6.990	+0.000000	+0.105098	-0.082044	+0.878445	+3.229527	+2.883506	+9.933775	+9.933775	191	234	0
7.000	+0.000000	+0.000000	-0.082044	+1.394532	+0.000000	+0.000000	+0.000000	+0.000000	191	234	0
7.010	+0.000000	+0.000000	-0.065635	+1.394532	+0.000000	+0.000000	+0.000000	+0.000000	196	230	0
7.020	+0.000000	+0.136471	-0.049226	+1.185901	+4.382930	+3.460208	+9.933775	+9.933775	198	223	0
7.030	+0.000000	+0.166275	-0.060947	+0.230592	+4.959631	+4.728950	-10.016556	-10.016556	193	224	0
7.040	+0.000000	+0.130196	-0.070323	-0.142747	+4.152249	+3.460208	-10.016556	-10.016556	188	225	0
7.050	+0.000000	-0.006275	-0.072668	+0.570989	+0.000000	-0.346021	+9.933775	+9.933775	181	220	0
7.060	+0.000000	+0.000000	-0.072668	+0.109806	+0.230681	-0.346021	-10.016556	-10.016556	181	219	0
7.070	+0.000000	+0.014118	-0.072668	-0.120786	+0.807382	+0.000000	-10.016556	-10.016556	181	218	0
7.080	+0.000000	-0.072157	-0.072668	+0.406281	-1.845444	-2.422145	+9.933775	+9.933775	180	218	0
7.090	+0.000000	-0.061176	-0.072668	+0.340397	-1.499423	-2.191465	-10.016556	-10.016556	183	220	0
7.100	+0.000000	-0.020392	-0.065635	+0.746678	-0.692042	-0.692042	+9.933775	+9.933775	189	224	0
7.110	+0.000000	-0.031373	-0.063291	+0.549028	-0.922722	-0.922722	-10.016556	-10.016556	191	224	0
7.120	+0.000000	-0.026667	-0.060947	-0.208631	-0.922722	-0.692042	-10.016556	-10.016556	192	223	0
7.130	+0.000000	-0.122353	-0.067979	-0.384320	-3.575548	-3.575548	-10.016556	-10.016556	188	224	0
7.140	+0.000000	-0.167843	-0.065635	+1.032173	-5.074971	-4.844291	+9.933775	+9.933775	189	223	0
7.150	+0.000000	+0.000000	-0.053915	+1.394532	+0.000000	+0.000000	+0.000000	+0.000000	193	221	0
7.160	+0.000000	-0.036078	-0.049226	+0.307456	-1.268743	-0.922722	+9.933775	+9.933775	196	222	0
7.170	+0.000000	+0.000000	-0.065635	+0.153728	-0.346021	+0.230681	-10.016556	-10.016556	194	228	0
7.180	+0.000000	-0.015686	-0.065635	+0.658834	-0.692042	-0.346021	+9.933775	+9.933775	193	227	0
7.190	+0.000000	-0.026667	-0.060947	+0.592950	-0.692042	-0.922722	-10.016556	-10.016556	193	226	0
7.200	+0.000000	+0.004706	-0.056259	+0.274514	+0.230681	+0.000000	-10.016556	-10.016556	194	223	0
7.210	+0.000000	-0.092549	-0.051571	-0.516087	-2.998847	-2.422145	-10.016556	-10.016556	194	221	0
7.220	+0.000000	-0.142745	-0.063291	+0.472164	-4.267589	-4.267589	+9.933775	+9.933775	192	225	0
7.230	+0.000000	-0.097255	-0.082044	+1.087076	-2.768166	-2.998847	+9.933775	+9.933775	187	230	0
7.240	+0.000000	+0.029804	-0.077356	-0.713737	+0.807382	+0.807382	-10.016556	-10.016556	191	232	0
7.250	+0.000000	+0.018824	-0.086732	-0.109806	+0.807382	+0.230681	+9.933775	+9.933775	188	233	0
7.260	+0.000000	-0.026667	-0.089076	-0.834523	-0.692042	-0.922722	-10.016556	-10.016556	186	233	0
7.270	+0.000000	+0.009412	-0.082044	+0.889426	+0.576701	+0.000000	+9.933775	+9.933775	188	231	0
7.280	+0.000000	-0.006275	-0.079700	+1.141979	+0.000000	-0.346021	+9.933775	+9.933775	189	231	0
7.290	+0.000000	+0.105098	-0.082044	+0.691776	+3.229527	+2.883506	-10.016556	-10.016556	189	231	0
7.300	+0.000000	+0.075294	-0.079700	-0.790601	+2.306805	+2.076125	-10.016556	-10.016556	190	232	0
7.310	+0.000000	-0.056471	-0.065635	+0.702756	-1.845444	-1.499423	+9.933775	+9.933775	194	229	0
7.320	+0.000000	-0.056471	-0.058603	+1.207862	-1.499423	-1.845444	+9.933775	+9.933775	195	226	0
7.330	+0.000000	+0.084706	-0.060947	+0.603931	+2.652826	+2.306805	-10.016556	-10.016556	195	227	0
7.340	+0.000000	+0.075294	-0.060947	+0.274514	+2.306805	+2.076125	-10.016556	-10.016556	196	227	0
7.350	+0.000000	-0.051765	-0.053915	+1.032173	-1.499423	-1.499423	+9.933775	+9.933775	196	224	0
7.360	+0.000000	-0.056471	-0.049226	-0.109806	-1.845444	-1.499423	-10.016556	-10.016556	196	222	0
7.370	+0.000000	-0.010980	-0.049226	+0.373339	-0.346021	-0.346021	+9.933775	+9.933775	196	222	0
7.380	+0.000000	-0.010980	-0.056259	+0.625892	-0.346021	-0.346021	+9.933775	+9.933775	196	225	0
7.390	+0.000000	+0.090980	-0.063291	+0.483145	+2.883506	+2.306805	-10.016556	-10.016556	195	228	0
7.400	+0.000000	+0.059608	-0.060947	-0.944329	+1.384083	+2.076125	-10.016556	-10.016556	195	227	0
7.410	+0.000000	-0.076863	-0.049226	-0.845503	-2.422145	-2.191465	+9.933775	+9.933775	196	222	0
7.420	+0.000000	-0.056471	-0.049226	+0.384320	-1.845444	-1.499423	+9.933775	+9.933775	196	222	0
7.430	+0.000000	+0.064314	-0.051571	+1.087076	+1.384083	+2.306805	+9.933775	+9.933775	195	223	0
7.440	+0.000000	+0.000000	-0.053915	+1.394532	+0.000000	+0.000000	+0.000000	+0.000000	195	224	0
7.450	+0.000000	+0.000000	-0.046882	+1.394532	+0.000000	+0.000000	+0.000000	+0.000000	195	219	0
7.460	+0.000000	+0.120784	-0.053915	+0.505106	+3.229527	+3.806228	+9.933775	+9.933775	191	220	0
7.470	+0.000000	+0.141176	-0.067979	-0.142747	+3.806228	+4.382930	-10.016556	-10.016556	186	221	0
7.480	+0.000000	+0.125490	-0.070323	+0.087845	+3.460208	+3.806228	+9.933775	+9.933775	180	217	0
7.490	+0.000000	+0.075294	-0.067979	+0.911387	+2.076125	+2.306805	+9.933775	+9.933775	180	215	0
7.500	+0.000000	+0.150588	-0.060947	+0.000000	+4.382930	+4.382930	-10.016556	-10.016556	183	215	0
7.510	+0.000000	+0.136471	-0.056259	-0.120786	+3.806228	+4.152249	-10.016556	-10.016556	186	215	0
7.520	+0.000000	-0.006275	-0.051571	+0.483145	-0.346021	+0.000000	+9.933775	+9.933775	187	214	0
7.530	+0.000000	-0.015686	-0.051571	+1.317668	-0.692042	-0.346021	+9.933775	+9.933775	186	213	0
7.540	+0.000000	+0.109804	-0.051571	-0.560009	+3.229527	+3.229527	-10.016556	-10.016556	186	213	0
7.550	+0.000000	+0.090980	-0.049226	+0.790601	+2.652826	+2.652826	+9.933775	+9.933775	187	212	0
7.560	+0.000000	+0.045490	-0.049226	+0.812562	+1.384083	+1.153403	+9.933775	+9.933775	186	212	0
7.570	+0.000000	+0.120784	-0.049226	-0.021961	+3.460208	+3.460208	-10.016556	-10.016556	186	212	0
7.580	+0.000000	+0.084706	-0.056259	-0.384320	+2.306805	+2.652826	-10.016556	-10.016556	183	212	0
7.590	+0.000000	-0.031373	-0.060947	-0.175689	-0.922722	-0.922722	+9.933775	+9.933775	181	214	0
7.600	+0.000000	-0.006275	-0.058603	-1.284726	+0.000000	-0.346021	-10.016556	-10.016556	183	214	0
7.610	+0.000000	+0.025098	-0.058603	-0.483145	+0.807382	+0.576701	+9.933775	+9.933775	183	214	0
7.620	+0.000000	+0.004706	-0.058603	+0.658834	+0.230681	+0.000000	+9.933775	+9.933775	183	213	0
7.630	+0.000000	+0.095686	-0.056259	+0.285495	+2.883506	+2.652826	-10.016556	-10.016556	183	213	0
7.640	+0.000000	+0.000000	-0.053915	-1.394532	+0.000000	+0.000000	+0.000000	+0.000000	185	213	0
7.650	+0.000000	+0.000000	-0.049226	-0.131767	-0.346021	+0.230681	-10.016556	-10.016556	187	213	0
7.660	+0.000000	-0.036078	-0.042194	+0.955309	-1.268743	-0.922722	+9.933775	+9.933775	190	212	0
7.670	+0.000000	-0.026667	-0.042194	-0.043922	-0.692042	-0.922722	-10.016556	-10.016556	191	212	0
7.680	+0.000000	+0.029804	-0.044538	+0.153728	+0.807382	+0.807382	+9.933775	+9.933775	189	212	0
7.690	+0.000000	+0.000000	-0.044538	-0.065883	+0.000000	+0.000000	-10.016556	-10.016556	189	212	0
7.700	+0.000000	+0.004706	-0.044538	-1.098056	+0.000000	+0.230681	-10.016556	-10.016556	189	212	0
7.710	+0.000000	-0.101961	-0.042194	-0.603931	-3.344867	-2.768166	+9.933775	+9.933775	190	212	0
7.720	+0.000000	+0.000000	-0.039850	+1.394532	+0.000000	+0.000000	+0.000000	+0.000000	191	211	0
7.730	+0.000000	+0.009412	-0.037506	-0.307456	+0.000000	+0.576701	-10.016556	-10.016556	192	211	0
7.740	+0.000000	-0.036078	-0.035162	-0.505106	-1.499423	-0.692042	-10.016556	-10.016556	193	210	0
7.750	+0.000000	-0.127059	-0.032818	-0.307456	-3.921569	-3.575548	+9.933775	+9.933775	193	210	0
7.760	+0.000000	-0.101961	-0.032818	+0.054903	-3.344867	-2.768166	+9.933775	+9.933775	194	210	0
7.770	+0.000000	+0.025098	-0.035162	-0.186670	+0.230681	+1.153403	-10.016556	-10.016556	192	210	0
7.780	+0.000000	+0.000000	-0.039850	-1.394532	+0.000000	+0.000000	+0.000000	+0.000000	189	210	0
7.790	+0.000000	-0.056471	-0.039850	-0.647853	-2.191465	-1.268743	-10.016556	-10.016556	188	209	0
7.800	+0.000000	-0.081569	-0.042194	+0.241572	-2.768166	-2.191465	+9.933775	+9.933775	188	210	0
7.810	+0.000000	-0.065882	-0.042194	+0.494125	-2.422145	-1.499423	+9.933775	+9.933775	187	210	0
7.820	+0.000000	+0.064314	-0.044538	-0.713737	+1.730104	+2.076125	-10.016556	-10.016556	185	208	0
7.830	+0.000000	+0.000000	-0.046882	-1.394532	+0.000000	+0.000000	+0.000000	+0.000000	185	208	0
7.840	+0.000000	-0.036078	-0.044538	-0.636873	-1.499423	-0.692042	-10.016556	-10.016556	186	209	0
7.850	+0.000000	-0.072157	-0.044538	+0.977270	-2.422145	-1.845444	+9.933775	+9.933775	187	210	0
7.860	+0.000000	-0.036078	-0.044538	+0.307456	-1.268743	-0.922722	-10.016556	-10.016556	187	209	0
7.870	+0.000000	+0.000000	-0.044538	-0.527067	+0.000000	+0.000000	-10.016556	-10.016556	185	209	0
7.880	+0.000000	-0.101961	-0.044538	-0.175689	-2.998847	-2.998847	+9.933775	+9.933775	184	208	0
7.890	+0.000000	-0.086275	-0.044538	-0.175689	-2.998847	-2.191465	+2.483444	+2.483444	184	207	0
7.900	+0.000000	-0.010980	-0.046882	-0.175689	-0.692042	+0.000000	-2.980132	-2.980132	184	208	0
7.910	+0.000000	-0.006275	-0.046882	+0.153728	-0.346021	+0.000000	+9.933775	+9.933775	186	209	0
7.920	+0.000000	+0.018824	-0.046882	-0.406281	+0.576701	+0.576701	-10.016556	-10.016556	186	210	0
7.930	+0.000000	+0.014118	-0.046882	-0.472164	+0.576701	+0.230681	-10.016556	-10.016556	184	209	0
7.940	+0.000000	-0.086275	-0.046882	-0.691776	-2.422145	-2.768166	-10.016556	-10.016556	183	208	0
7.950	+0.000000	-0.138039	-0.049226	+0.538048	-3.921569	-4.267589	+9.933775	+9.933775	183	208	0
7.960	+0.000000	-0.092549	-0.049226	+0.208631	-2.768166	-2.768166	-10.016556	-10.016556	184	209	0
7.970	+0.000000	-0.036078	-0.051571	-0.450203	-0.922722	-1.268743	-10.016556	-10.016556	184	211	0
7.980	+0.000000	-0.138039	-0.051571	-1.185901	-3.921569	-4.267589	-10.016556	-10.016556	184	211	0
7.990	+0.000000	-0.197647	-0.051571	-0.790601	-5.997693	-5.767013	+9.933775	+9.933775	184	211	0
8.000	+0.000000	-0.152157	-0.051571	+1.109037	-3.921569	-5.074971	+9.933775	+9.933775	184	210	0
8.010	+0.000000	-0.010980	-0.046882	+1.185901	-0.346021	-0.346021	+9.933775	+9.933775	183	208	0
8.020	+0.000000	+0.000000	-0.046882	+1.394532	+0.000000	+0.000000	+0.000000	+0.000000	183	207	0
8.030	+0.000000	+0.000000	-0.046882	-1.394532	+0.000000	+0.000000	+0.000000	+0.000000	184	207	0
8.040	+0.000000	+0.075294	-0.051571	-0.900406	+2.652826	+1.730104	-10.016556	-10.016556	183	210	0
8.050	+0.000000	+0.029804	-0.060947	+0.779620	+1.153403	+0.576701	+9.933775	+9.933775	181	212	0
8.060	+0.000000	+0.014118	-0.063291	+0.000000	+0.576701	+0.230681	-10.016556	-10.016556	179	212	0
8.070	+0.000000	+0.039216	-0.063291	-0.527067	+1.153403	+1.153403	-10.016556	-10.016556	178	211	0
8.080	+0.000000	-0.056471	-0.063291	-0.032942	-1.268743	-2.191465	+9.933775	+9.933775	177	211	0
8.090	+0.000000	-0.047059	-0.065635	+0.197650	-1.268743	-1.499423	+9.933775	+9.933775	179	213	0
8.100	+0.000000	+0.070588	-0.065635	-0.603931	+2.306805	+1.730104	-10.016556	-10.016556	180	214	0
8.110	+0.000000	+0.039216	-0.065635	-0.472164	+1.153403	+1.153403	+9.933775	+9.933775	180	214	0
8.120	+0.000000	-0.006275	-0.067979	+0.263534	-0.346021	+0.000000	+9.933775	+9.933775	180	215	0
8.130	+0.000000	+0.100392	-0.065635	-0.351378	+3.229527	+2.652826	-10.016556	-10.016556	180	214	0
8.140	+0.000000	+0.000000	-0.067979	-1.394532	+0.000000	+0.000000	+0.000000	+0.000000	176	212	0
8.150	+0.000000	-0.006275	-0.070323	-0.296475	-0.346021	+0.000000	-10.016556	-10.016556	176	212	0
8.160	+0.000000	-0.031373	-0.063291	+0.680795	-1.268743	-0.692042	+9.933775	+9.933775	180	214	0
8.170	+0.000000	-0.020392	-0.065635	+0.922367	-0.692042	-0.692042	+9.933775	+9.933775	179	214	0
8.180	+0.000000	+0.084706	-0.070323	+0.252553	+2.306805	+2.652826	-10.016556	-10.016556	177	214	0
8.190	+0.000000	+0.000000	-0.072668	-1.394532	+0.000000	+0.000000	+0.000000	+0.000000	177	216	0
8.200	+0.000000	-0.026667	-0.070323	-0.274514	-1.268743	-0.346021	-10.016556	-10.016556	180	217	0
8.210	+0.000000	-0.061176	-0.065635	+0.570989	-2.191465	-1.499423	+9.933775	+9.933775	183	218	0
8.220	+0.000000	+0.000000	-0.065635	+1.394532	+0.000000	+0.000000	+0.000000	+0.000000	183	218	0
8.230	+0.000000	+0.029804	-0.070323	+0.472164	+1.153403	+0.576701	+9.933775	+9.933775	181	219	0
8.240	+0.000000	+0.054902	-0.072668	-0.516087	+1.730104	+1.384083	-10.016556	-10.016556	181	219	0
8.250	+0.000000	+0.000000	-0.075012	+1.394532	+0.000000	+0.000000	+0.000000	+0.000000	182	221	0
8.260	+0.000000	-0.031373	-0.067979	+1.306687	-0.692042	-1.268743	+9.933775	+9.933775	185	222	0
8.270	+0.000000	+0.014118	-0.065635	-0.285495	+0.576701	+0.230681	-10.016556	-10.016556	188	223	0
8.280	+0.000000	+0.025098	-0.060947	-0.043922	+0.576701	+0.807382	+9.933775	+9.933775	190	223	0
8.290	+0.000000	-0.006275	-0.063291	+0.680795	+0.000000	-0.346021	+9.933775	+9.933775	192	224	0
8.300	+0.000000	+0.090980	-0.063291	+1.120018	+2.883506	+2.306805	+9.933775	+9.933775	192	226	0
8.310	+0.000000	+0.136471	-0.058603	-0.175689	+4.382930	+3.460208	-10.016556	-10.016556	194	225	0
8.320	+0.000000	+0.000000	-0.051571	+1.394532	+0.000000	+0.000000	+0.000000	+0.000000	193	220	0
8.330	+0.000000	+0.009412	-0.065635	+0.889426	+0.576701	+0.000000	+9.933775	+9.933775	187	222	0
8.340	+0.000000	+0.054902	-0.077356	+0.658834	+1.730104	+1.384083	-10.016556	-10.016556	184	224	0
8.350	+0.000000	+0.059608	-0.077356	+0.450203	+2.076125	+1.384083	-10.016556	-10.016556	184	224	0
8.360	+0.000000	-0.051765	-0.079700	+0.340397	-1.845444	-1.268743	-10.016556	-10.016556	183	225	0
8.370	+0.000000	-0.127059	-0.075012	+0.834523	-3.575548	-3.921569	+9.933775	+9.933775	185	224	0
8.380	+0.000000	-0.086275	-0.056259	+0.252553	-2.422145	-2.768166	-10.016556	-10.016556	192	222	0
8.390	+0.000000	-0.051765	-0.058603	-0.274514	-1.268743	-1.845444	-10.016556	-10.016556	195	225	0
8.400	+0.000000	-0.138039	-0.063291	-0.252553	-3.921569	-4.267589	+7.119205	+7.119205	197	230	0
8.410	+0.000000	-0.147451	-0.072668	-0.010981	-4.267589	-4.498270	+9.933775	+9.933775	192	230	0
8.420	+0.000000	-0.051765	-0.075012	+0.439223	-1.499423	-1.499423	+9.933775	+9.933775	191	231	0
8.430	+0.000000	+0.034510	-0.075012	-0.856484	+1.153403	+0.807382	-10.016556	-10.016556	194	233	0
8.440	+0.000000	+0.000000	-0.075012	-0.625892	+0.000000	+0.000000	+9.933775	+9.933775	192	232	0
8.450	+0.000000	-0.031373	-0.075012	+0.131767	-0.922722	-0.922722	+9.933775	+9.933775	192	230	0
8.460	+0.000000	+0.070588	-0.072668	+0.713737	+2.076125	+2.076125	+9.933775	+9.933775	193	231	0
8.470	+0.000000	+0.145882	-0.072668	+0.592950	+4.382930	+4.152249	-10.016556	-10.016556	194	232	0
8.480	+0.000000	+0.100392	-0.067979	+0.263534	+3.229527	+2.652826	-10.016556	-10.016556	197	233	0
8.490	+0.000000	-0.031373	-0.058603	+0.955309	-0.692042	-1.268743	+9.933775	+9.933775	198	229	0
8.500	+0.000000	-0.026667	-0.056259	-0.505106	-0.346021	-1.268743	-10.016556	-10.016556	196	226	0
8.510	+0.000000	+0.014118	-0.060947	-0.724717	+0.576701	+0.230681	-10.016556	-10.016556	196	228	0
8.520	+0.000000	-0.097255	-0.060947	+0.186670	-2.422145	-3.344867	+9.933775	+9.933775	198	230	0
8.530	+0.000000	-0.072157	-0.065635	+0.219611	-1.499423	-2.768166	+8.526490	+8.443709	197	232	0
8.540	+0.000000	+0.045490	-0.072668	+0.472164	+1.730104	+0.807382	+9.933775	+9.933775	192	231	0
8.550	+0.000000	+0.075294	-0.077356	-0.812562	+2.306805	+2.076125	-10.016556	-10.016556	190	231	0
8.560	+0.000000	+0.000000	-0.070323	-1.394532	+0.000000	+0.000000	+0.000000	+0.000000	193	231	0
8.570	+0.000000	-0.031373	-0.063291	-0.296475	-1.499423	-0.346021	-10.016556	-10.016556	198	232	0
8.580	+0.000000	-0.051765	-0.060947	+1.317668	-1.845444	-1.268743	+9.933775	+9.933775	200	231	0
8.590	+0.000000	-0.031373	-0.063291	+0.603931	-0.922722	-0.922722	-10.016556	-10.016556	199	232	0
8.600	+0.000000	+0.000000	-0.067979	+0.395300	+0.000000	+0.000000	-10.016556	-10.016556	196	231	0
8.610	+0.000000	-0.101961	-0.072668	+0.516087	-2.998847	-2.998847	+9.933775	+9.933775	193	232	0
8.620	+0.000000	-0.092549	-0.075012	+0.362359	-2.768166	-2.768166	-10.016556	-10.016556	196	235	0
8.630	+0.000000	-0.061176	-0.072668	-0.922367	-1.845444	-1.845444	-10.016556	-10.016556	201	239	0
8.640	+0.000000	-0.138039	-0.070323	+0.560009	-4.267589	-3.921569	+9.933775	+9.933775	202	240	0
8.650	+0.000000	-0.122353	-0.067979	+1.130998	-3.575548	-3.575548	+9.933775	+9.933775	204	240	0
8.660	+0.000000	+0.014118	-0.060947	+0.450203	+0.230681	+0.576701	-10.016556	-10.016556	208	239	0
8.670	+0.000000	+0.000000	-0.056259	-1.394532	+0.000000	+0.000000	+0.000000	+0.000000	210	240	0
8.680	+0.000000	-0.047059	-0.056259	+0.406281	-1.499423	-1.268743	+9.933775	+9.933775	210	240	0
8.690	+0.000000	-0.006275	-0.053915	+1.273745	-0.346021	+0.000000	+9.933775	+9.933775	211	239	0
8.700	+0.000000	+0.095686	-0.056259	+0.406281	+2.306805	+3.229527	-10.016556	-10.016556	211	241	0
8.710	+0.000000	+0.054902	-0.060947	+1.295707	+1.384083	+1.730104	+9.933775	+9.933775	208	240	0
8.720	+0.000000	+0.009412	-0.070323	+0.549028	+0.000000	+0.576701	-10.016556	-10.016556	205	242	0
8.730	+0.000000	+0.029804	-0.072668	+0.010981	+1.153403	+0.576701	-10.016556	-10.016556	204	242	0
8.740	+0.000000	+0.000000	-0.072668	+1.394532	+0.000000	+0.000000	+0.000000	+0.000000	202	240	0
8.750	+0.000000	-0.081569	-0.070323	+0.538048	-1.845444	-2.998847	+9.933775	+9.933775	204	242	0
8.760	+0.000000	-0.026667	-0.060947	+0.032942	-0.346021	-1.268743	-10.016556	-10.016556	208	240	0
8.770	+0.000000	+0.004706	-0.056259	-0.384320	+0.230681	+0.000000	-10.016556	-10.016556	212	241	0
8.780	+0.000000	-0.106667	-0.053915	+1.339629	-2.998847	-3.344867	+9.933775	+9.933775	213	242	0
8.790	+0.000000	-0.097255	-0.053915	+1.394532	-2.998847	-2.768166	+9.933775	+9.933775	214	242	0
8.800	+0.000000	+0.034510	-0.053915	+0.395300	+1.153403	+0.807382	-10.016556	-10.016556	215	244	0
8.810	+0.000000	+0.045490	-0.053915	-1.251784	+1.153403	+1.384083	-10.016556	-10.016556	216	244	0
8.820	+0.000000	-0.076863	-0.053915	+1.284726	-2.768166	-1.845444	+9.933775	+9.933775	216	244	0
8.830	+0.000000	-0.081569	-0.053915	+1.141979	-2.768166	-2.191465	-10.016556	-10.016556	216	244	0
8.840	+0.000000	-0.015686	-0.056259	-0.021961	-0.692042	-0.346021	-10.016556	-10.016556	216	245	0
8.850	+0.000000	-0.111373	-0.058603	+0.395300	-3.344867	-3.344867	+9.933775	+9.933775	216	248	0
8.860	+0.000000	-0.081569	-0.070323	+1.372571	-2.768166	-2.191465	+9.933775	+9.933775	213	250	0
8.870	+0.000000	+0.045490	-0.065635	+0.076864	+1.153403	+1.384083	-10.016556	-10.016556	217	252	0
8.880	+0.000000	+0.034510	-0.058603	+0.351378	+0.576701	+1.384083	+9.933775	+9.933775	221	252	0
8.890	+0.000000	-0.006275	-0.060947	+0.230592	-0.346021	+0.000000	-10.016556	-10.016556	220	252	0
8.900	+0.000000	+0.004706	-0.058603	+0.263534	+0.000000	+0.230681	+9.933775	+9.933775	221	252	0
8.910	+0.000000	-0.020392	-0.063291	+0.505106	-0.346021	-0.922722	+9.933775	+9.933775	219	252	0
8.920	+0.000000	+0.090980	-0.063291	+0.516087	+2.652826	+2.652826	+2.400662	+2.400662	219	252	0
8.930	+0.000000	+0.100392	-0.065635	+0.351378	+2.652826	+3.229527	-10.016556	-10.016556	216	251	0
8.940	+0.000000	+0.034510	-0.063291	+0.263534	+0.807382	+1.153403	-10.016556	-10.016556	215	249	0
8.950	+0.000000	-0.065882	-0.053915	+0.988251	-2.422145	-1.499423	+9.933775	+9.933775	218	246	0
8.960	+0.000000	-0.051765	-0.053915	+0.527067	-1.499423	-1.499423	-10.016556	-10.016556	218	246	0
8.970	+0.000000	-0.015686	-0.053915	-1.087076	-0.692042	-0.346021	-10.016556	-10.016556	218	246	0
8.980	+0.000000	-0.111373	-0.060947	-0.153728	-3.344867	-3.344867	+9.933775	+9.933775	216	247	0
8.990	+0.000000	-0.086275	-0.065635	+0.581970	-2.422145	-2.768166	+9.933775	+9.933775	215	250	0
9.000	+0.000000	+0.045490	-0.058603	+0.153728	+1.153403	+1.384083	-10.016556	-10.016556	220	251	0
9.010	+0.000000	+0.029804	-0.056259	-0.164708	+0.807382	+0.807382	-10.016556	-10.016556	223	251	0
9.020	+0.000000	+0.000000	-0.056259	+1.394532	+0.000000	+0.000000	+0.000000	+0.000000	222	251	0
9.030	+0.000000	-0.122353	-0.056259	+0.406281	-3.575548	-3.575548	+9.933775	+9.933775	222	252	0
9.040	+0.000000	-0.040784	-0.053915	+0.065883	-1.499423	-0.922722	-10.016556	-10.016556	224	252	0
9.050	+0.000000	-0.010980	-0.046882	+0.241572	-0.692042	+0.000000	+9.933775	+9.933775	227	252	0
9.060	+0.000000	-0.026667	-0.046882	+0.560009	-0.692042	-0.922722	+9.933775	+9.933775	227	252	0
9.070	+0.000000	+0.084706	-0.049226	-0.076864	+2.883506	+2.076125	-10.016556	-10.016556	227	252	0
9.080	+0.000000	+0.000000	-0.049226	+1.394532	+0.000000	+0.000000	+0.000000	+0.000000	227	252	0
9.090	+0.000000	+0.000000	-0.053915	+1.394532	+0.000000	+0.000000	+0.000000	+0.000000	226	253	0
9.100	+0.000000	-0.006275	-0.053915	+0.527067	+0.230681	-0.692042	+9.933775	+9.933775	226	253	0
9.110	+0.000000	+0.025098	-0.053915	+0.581970	+1.153403	+0.230681	+9.933775	+9.933775	226	254	0
9.120	+0.000000	+0.109804	-0.056259	-0.208631	+3.229527	+3.229527	-10.016556	-10.016556	225	254	0
9.130	+0.000000	+0.080000	-0.060947	+0.724717	+2.076125	+2.652826	+9.933775	+9.933775	221	253	0
9.140	+0.000000	+0.025098	-0.058603	+0.505106	+0.576701	+0.807382	-10.016556	-10.016556	221	252	0
9.150	+0.000000	+0.029804	-0.053915	+1.010212	+0.807382	+0.807382	+9.933775	+9.933775	223	250	0
9.160	+0.000000	+0.004706	-0.049226	+0.120786	+0.230681	+0.000000	-10.016556	-10.016556	224	250	0
9.170	+0.000000	+0.018824	-0.049226	+0.054903	+0.807382	+0.230681	-10.016556	-10.016556	224	250	0
9.180	+0.000000	-0.086275	-0.049226	-0.109806	-2.422145	-2.768166	-10.016556	-10.016556	224	250	0
9.190	+0.000000	-0.142745	-0.053915	+1.010212	-4.267589	-4.267589	+9.933775	+9.933775	224	252	0
9.200	+0.000000	-0.101961	-0.056259	+0.406281	-2.998847	-2.998847	-10.016556	-10.016556	224	254	0
9.210	+0.000000	-0.061176	-0.046882	+0.472164	-1.845444	-1.845444	+9.933775	+9.933775	230	255	0
9.220	+0.000000	-0.072157	-0.042194	+0.362359	-2.422145	-1.845444	-10.016556	-10.016556	233	255	0
9.230	+0.000000	-0.036078	-0.039850	+0.439223	-1.499423	-0.692042	+9.933775	+9.933775	233	255	0
9.240	+0.000000	-0.047059	-0.039850	+1.251784	-1.499423	-1.268743	+9.933775	+9.933775	234	255	0
9.250	+0.000000	+0.064314	-0.042194	+0.603931	+1.384083	+2.306805	-10.016556	-10.016556	233	255	0
9.260	+0.000000	+0.059608	-0.039850	+0.636873	+1.730104	+1.730104	+9.933775	+9.933775	233	255	0
9.270	+0.000000	+0.025098	-0.042194	+0.933348	+0.807382	+0.576701	+9.933775	+9.933775	232	255	0
9.280	+0.000000	+0.109804	-0.042194	+0.757659	+3.460208	+2.883506	-10.016556	-10.016556	232	255	0
9.290	+0.000000	+0.064314	-0.049226	+0.922367	+1.730104	+2.076125	+9.933775	+9.933775	229	255	0
9.300	+0.000000	+0.029804	-0.056259	+0.021961	+0.576701	+1.153403	-10.016556	-10.016556	225	255	0
9.310	+0.000000	+0.039216	-0.051571	+0.977270	+0.807382	+1.384083	+9.933775	+9.933775	227	254	0
9.320	+0.000000	+0.018824	-0.049226	+0.000000	+0.576701	+0.576701	-10.016556	-10.016556	227	253	0
9.330	+0.000000	+0.050196	-0.049226	+0.757659	+1.384083	+1.384083	+9.933775	+9.933775	227	253	0
9.340	+0.000000	+0.014118	-0.049226	+0.461184	+0.230681	+0.576701	-10.016556	-10.016556	227	252	0
9.350	+0.000000	+0.034510	-0.049226	+0.549028	+0.807382	+1.153403	+9.933775	+9.933775	226	252	0
9.360	+0.000000	+0.009412	-0.049226	+0.658834	+0.000000	+0.576701	+9.933775	+9.933775	226	252	0
9.370	+0.000000	+0.105098	-0.051571	+0.054903	+2.652826	+3.460208	-10.016556	-10.016556	225	252	0
9.380	+0.000000	+0.064314	-0.051571	+1.076095	+1.153403	+2.652826	+9.933775	+9.933775	223	250	0
9.390	+0.000000	+0.029804	-0.058603	+0.241572	+0.230681	+1.384083	-10.016556	-10.016556	219	249	0
9.400	+0.000000	+0.050196	-0.060947	+0.395300	+1.153403	+1.730104	+9.933775	+9.933775	216	248	0
9.410	+0.000000	+0.029804	-0.060947	+0.856484	+0.807382	+0.807382	+9.933775	+9.933775	215	248	0
9.420	+0.000000	+0.120784	-0.063291	+0.472164	+3.460208	+3.460208	-10.016556	-10.016556	214	247	0
9.430	+0.000000	+0.090980	-0.063291	+0.351378	+2.883506	+2.306805	-10.016556	-10.016556	213	246	0
9.440	+0.000000	+0.000000	-0.063291	+1.394532	+0.000000	+0.000000	+0.000000	+0.000000	210	243	0
9.450	+0.000000	-0.076863	-0.060947	+0.439223	-2.422145	-2.191465	+9.933775	+9.933775	209	240	0
9.460	+0.000000	+0.000000	-0.060947	+0.900406	+0.000000	+0.000000	+9.933775	+9.933775	209	241	0
9.470	+0.000000	+0.095686	-0.063291	+0.779620	+2.883506	+2.652826	-10.016556	-10.016556	209	242	0
9.480	+0.000000	+0.000000	-0.065635	-1.394532	+0.000000	+0.000000	+0.000000	+0.000000	207	242	0
9.490	+0.000000	-0.020392	-0.063291	+0.549028	-0.692042	-0.692042	+9.933775	+9.933775	206	239	0
9.500	+0.000000	+0.029804	-0.060947	+0.867465	+0.807382	+0.807382	+9.933775	+9.933775	204	236	0
9.510	+0.000000	+0.120784	-0.060947	+0.186670	+3.460208	+3.460208	-10.016556	-10.016556	202	234	0
9.520	+0.000000	+0.105098	-0.063291	+1.196882	+3.229527	+2.883506	+9.933775	+9.933775	200	233	0
9.530	+0.000000	+0.039216	-0.065635	+1.284726	+1.153403	+1.153403	+9.933775	+9.933775	198	232	0
9.540	+0.000000	+0.130196	-0.065635	+0.527067	+3.806228	+3.806228	-10.016556	-10.016556	198	232	0
9.550	+0.000000	+0.090980	-0.063291	-0.351378	+2.652826	+2.652826	-10.016556	-10.016556	200	233	0
9.560	+0.000000	-0.020392	-0.053915	-0.219611	-0.922722	-0.346021	+9.933775	+9.933775	200	228	0
9.570	+0.000000	-0.010980	-0.056259	+0.175689	-0.346021	-0.346021	+9.933775	+9.933775	197	226	0
9.580	+0.000000	+0.100392	-0.056259	+0.988251	+2.652826	+3.229527	+9.933775	+9.933775	196	226	0
9.590	+0.000000	+0.000000	-0.056259	+1.394532	+0.000000	+0.000000	+0.000000	+0.000000	196	225	0
9.600	+0.000000	+0.155294	-0.070323	-0.483145	+4.728950	+4.382930	-10.016556	-10.016556	189	225	0
9.610	+0.000000	+0.090980	-0.060947	-0.076864	+2.652826	+2.652826	+9.933775	+9.933775	189	221	0
9.620	+0.000000	+0.045490	-0.049226	+0.614912	+1.153403	+1.384083	+9.933775	+9.933775	194	219	0
9.630	+0.000000	+0.150588	-0.056259	-0.197650	+4.382930	+4.382930	-10.016556	-10.016556	192	221	0
9.640	+0.000000	+0.125490	-0.065635	-0.120786	+3.460208	+3.806228	+9.933775	+9.933775	187	222	0
9.650	+0.000000	+0.075294	-0.070323	+0.120786	+2.076125	+2.306805	+9.933775	+9.933775	183	219	0
9.660	+0.000000	+0.150588	-0.070323	+0.746678	+4.382930	+4.382930	+9.933775	+9.933775	180	217	0
9.670	+0.000000	+0.191373	-0.070323	+0.318436	+5.882353	+5.305652	-10.016556	-10.016556	179	217	0
9.680	+0.000000	+0.145882	-0.077356	+0.845503	+4.382930	+4.152249	+9.933775	+9.933775	178	218	0
9.690	+0.000000	+0.090980	-0.058603	+0.494125	+2.652826	+2.652826	-10.016556	-10.016556	183	214	0
9.700	+0.000000	+0.080000	-0.051571	-0.362359	+2.306805	+2.306805	-10.016556	-10.016556	185	212	0
9.710	+0.000000	-0.015686	-0.051571	-0.581970	-0.692042	-0.346021	-10.016556	-10.016556	184	212	0
9.720	+0.000000	-0.092549	-0.049226	+0.351378	-2.422145	-2.998847	+9.933775	+9.933775	185	211	0
9.730	+0.000000	-0.065882	-0.058603	+0.076864	-1.845444	-2.191465	-10.016556	-10.016556	183	214	0
9.740	+0.000000	-0.036078	-0.075012	-0.065883	-0.692042	-1.499423	-10.016556	-10.016556	178	218	0
9.750	+0.000000	-0.131765	-0.070323	-0.900406	-3.575548	-4.267589	-10.016556	-10.016556	179	215	0
9.760	+0.000000	-0.192941	-0.067979	-0.296475	-5.767013	-5.767013	+9.933775	+9.933775	179	214	0
9.770	+0.000000	-0.152157	-0.065635	-0.274514	-4.498270	-4.498270	+7.615894	+7.615894	180	214	0
9.780	+0.000000	-0.026667	-0.056259	-0.054903	-0.692042	-0.922722	+9.933775	+9.933775	187	216	0
9.790	+0.000000	+0.000000	-0.044538	+1.394532	+0.000000	+0.000000	+0.000000	+0.000000	191	213	0
9.800	+0.000000	+0.000000	-0.042194	+1.394532	+0.000000	+0.000000	+0.000000	+0.000000	191	213	0
9.810	+0.000000	+0.029804	-0.051571	+0.472164	+0.807382	+0.807382	+9.933775	+9.933775	188	215	0
9.820	+0.000000	+0.059608	-0.056259	-0.186670	+1.730104	+1.730104	-10.016556	-10.016556	186	216	0
9.830	+0.000000	+0.059608	-0.060947	+0.032942	+1.730104	+1.730104	+9.933775	+9.933775	183	216	0
9.840	+0.000000	+0.029804	-0.065635	-0.142747	+0.807382	+0.807382	-10.016556	-10.016556	181	215	0
9.850	+0.000000	+0.029804	-0.065635	+0.021961	+0.576701	+1.153403	+9.933775	+9.933775	180	214	0
9.860	+0.000000	+0.000000	-0.063291	+0.450203	+0.000000	+0.000000	+9.933775	+9.933775	180	213	0
9.870	+0.000000	+0.105098	-0.063291	-0.164708	+2.883506	+3.229527	-10.016556	-10.016556	181	214	0
9.880	+0.000000	+0.100392	-0.060947	+0.889426	+2.883506	+2.883506	+9.933775	+9.933775	181	213	0
9.890	+0.000000	+0.045490	-0.060947	+0.933348	+1.153403	+1.384083	+9.933775	+9.933775	181	214	0
9.900	+0.000000	+0.120784	-0.060947	+0.428242	+3.229527	+3.806228	-10.016556	-10.016556	182	214	0
9.910	+0.000000	+0.090980	-0.063291	-0.878445	+2.306805	+2.883506	-10.016556	-10.016556	183	216	0
9.920	+0.000000	-0.040784	-0.049226	-1.141979	-1.268743	-1.268743	-10.016556	-10.016556	188	214	0
9.930	+0.000000	-0.097255	-0.046882	-1.196882	-3.344867	-2.422145	-10.016556	-10.016556	189	213	0
9.940	+0.000000	-0.138039	-0.056259	+0.164708	-4.267589	-3.921569	+9.933775	+9.933775	186	215	0
9.950	+0.000000	-0.106667	-0.060947	+0.263534	-2.998847	-3.344867	+9.933775	+9.933775	183	214	0
9.960	+0.000000	+0.009412	-0.063291	+1.229823	+0.576701	+0.000000	+9.933775	+9.933775	181	213	0
9.970	+0.000000	+0.075294	-0.065635	+0.592950	+2.306805	+2.076125	-10.016556	-10.016556	181	214	0
